filename,filename_path,xmin,ymin,xmax,ymax,w,h,label_txt,label
C_1,../../01.Datasets/processed/images_train/fechas/C_1.jpg,20,8,104,20,84,12,date,12
C_1,../../01.Datasets/processed/images_train/fechas/C_1.jpg,20,8,31,19,11,11,0,1
C_1,../../01.Datasets/processed/images_train/fechas/C_1.jpg,30,8,38,18,8,10,1,2
C_1,../../01.Datasets/processed/images_train/fechas/C_1.jpg,38,8,46,18,8,10,-,11
C_1,../../01.Datasets/processed/images_train/fechas/C_1.jpg,46,8,55,19,9,11,0,1
C_1,../../01.Datasets/processed/images_train/fechas/C_1.jpg,55,8,63,19,8,11,3,4
C_1,../../01.Datasets/processed/images_train/fechas/C_1.jpg,63,8,72,19,9,11,-,11
C_1,../../01.Datasets/processed/images_train/fechas/C_1.jpg,72,8,80,19,8,11,2,3
C_1,../../01.Datasets/processed/images_train/fechas/C_1.jpg,81,9,87,19,6,10,0,1
C_1,../../01.Datasets/processed/images_train/fechas/C_1.jpg,87,9,94,18,7,9,2,3
C_1,../../01.Datasets/processed/images_train/fechas/C_1.jpg,94,8,103,19,9,11,1,2
C_10,../../01.Datasets/processed/images_train/fechas/C_10.jpg,25,8,110,19,85,11,date,12
C_10,../../01.Datasets/processed/images_train/fechas/C_10.jpg,25,8,36,18,11,10,2,3
C_10,../../01.Datasets/processed/images_train/fechas/C_10.jpg,35,8,44,18,9,10,3,4
C_10,../../01.Datasets/processed/images_train/fechas/C_10.jpg,45,11,52,15,7,4,-,11
C_10,../../01.Datasets/processed/images_train/fechas/C_10.jpg,52,8,60,18,8,10,0,1
C_10,../../01.Datasets/processed/images_train/fechas/C_10.jpg,61,9,69,18,8,9,3,4
C_10,../../01.Datasets/processed/images_train/fechas/C_10.jpg,69,11,77,15,8,4,-,11
C_10,../../01.Datasets/processed/images_train/fechas/C_10.jpg,78,8,86,19,8,11,2,3
C_10,../../01.Datasets/processed/images_train/fechas/C_10.jpg,86,9,94,18,8,9,0,1
C_10,../../01.Datasets/processed/images_train/fechas/C_10.jpg,94,9,103,19,9,10,2,3
C_10,../../01.Datasets/processed/images_train/fechas/C_10.jpg,102,9,111,19,9,10,1,2
C_100,../../01.Datasets/processed/images_train/fechas/C_100.jpg,41,9,117,20,76,11,date,12
C_100,../../01.Datasets/processed/images_train/fechas/C_100.jpg,41,9,50,19,9,10,2,3
C_100,../../01.Datasets/processed/images_train/fechas/C_100.jpg,51,9,57,18,6,9,6,7
C_100,../../01.Datasets/processed/images_train/fechas/C_100.jpg,58,11,66,16,8,5,-,11
C_100,../../01.Datasets/processed/images_train/fechas/C_100.jpg,66,9,75,18,9,9,0,1
C_100,../../01.Datasets/processed/images_train/fechas/C_100.jpg,75,10,81,20,6,10,1,2
C_100,../../01.Datasets/processed/images_train/fechas/C_100.jpg,80,12,90,16,10,4,-,11
C_100,../../01.Datasets/processed/images_train/fechas/C_100.jpg,89,10,97,20,8,10,2,3
C_100,../../01.Datasets/processed/images_train/fechas/C_100.jpg,98,9,104,20,6,11,0,1
C_100,../../01.Datasets/processed/images_train/fechas/C_100.jpg,104,10,110,20,6,10,2,3
C_100,../../01.Datasets/processed/images_train/fechas/C_100.jpg,110,10,117,20,7,10,1,2
C_101,../../01.Datasets/processed/images_train/fechas/C_101.jpg,38,7,120,19,82,12,date,12
C_101,../../01.Datasets/processed/images_train/fechas/C_101.jpg,39,7,50,18,11,11,2,3
C_101,../../01.Datasets/processed/images_train/fechas/C_101.jpg,49,7,58,19,9,12,1,2
C_101,../../01.Datasets/processed/images_train/fechas/C_101.jpg,56,10,62,15,6,5,-,11
C_101,../../01.Datasets/processed/images_train/fechas/C_101.jpg,63,7,72,18,9,11,0,1
C_101,../../01.Datasets/processed/images_train/fechas/C_101.jpg,72,7,80,19,8,12,5,6
C_101,../../01.Datasets/processed/images_train/fechas/C_101.jpg,80,10,89,13,9,3,-,11
C_101,../../01.Datasets/processed/images_train/fechas/C_101.jpg,89,7,97,18,8,11,2,3
C_101,../../01.Datasets/processed/images_train/fechas/C_101.jpg,97,7,106,19,9,12,0,1
C_101,../../01.Datasets/processed/images_train/fechas/C_101.jpg,106,7,114,19,8,12,2,3
C_101,../../01.Datasets/processed/images_train/fechas/C_101.jpg,113,7,119,19,6,12,1,2
C_104,../../01.Datasets/processed/images_train/fechas/C_104.jpg,40,2,119,14,79,12,date,12
C_104,../../01.Datasets/processed/images_train/fechas/C_104.jpg,42,1,52,13,10,12,2,3
C_104,../../01.Datasets/processed/images_train/fechas/C_104.jpg,50,1,58,13,8,12,1,2
C_104,../../01.Datasets/processed/images_train/fechas/C_104.jpg,58,6,64,11,6,5,-,11
C_104,../../01.Datasets/processed/images_train/fechas/C_104.jpg,63,3,72,14,9,11,0,1
C_104,../../01.Datasets/processed/images_train/fechas/C_104.jpg,72,3,80,13,8,10,4,5
C_104,../../01.Datasets/processed/images_train/fechas/C_104.jpg,80,6,88,10,8,4,-,11
C_104,../../01.Datasets/processed/images_train/fechas/C_104.jpg,89,1,97,13,8,12,2,3
C_104,../../01.Datasets/processed/images_train/fechas/C_104.jpg,98,2,104,14,6,12,0,1
C_104,../../01.Datasets/processed/images_train/fechas/C_104.jpg,106,1,113,13,7,12,2,3
C_104,../../01.Datasets/processed/images_train/fechas/C_104.jpg,113,2,119,14,6,12,1,2
C_107,../../01.Datasets/processed/images_train/fechas/C_107.jpg,33,6,123,18,90,12,date,12
C_107,../../01.Datasets/processed/images_train/fechas/C_107.jpg,36,7,47,18,11,11,0,1
C_107,../../01.Datasets/processed/images_train/fechas/C_107.jpg,46,7,54,18,8,11,1,2
C_107,../../01.Datasets/processed/images_train/fechas/C_107.jpg,53,10,60,15,7,5,-,11
C_107,../../01.Datasets/processed/images_train/fechas/C_107.jpg,60,6,69,17,9,11,0,1
C_107,../../01.Datasets/processed/images_train/fechas/C_107.jpg,69,7,78,19,9,12,3,4
C_107,../../01.Datasets/processed/images_train/fechas/C_107.jpg,77,11,86,17,9,6,-,11
C_107,../../01.Datasets/processed/images_train/fechas/C_107.jpg,86,6,94,17,8,11,2,3
C_107,../../01.Datasets/processed/images_train/fechas/C_107.jpg,94,6,103,18,9,12,0,1
C_107,../../01.Datasets/processed/images_train/fechas/C_107.jpg,102,6,113,18,11,12,2,3
C_107,../../01.Datasets/processed/images_train/fechas/C_107.jpg,112,6,120,17,8,11,1,2
C_108,../../01.Datasets/processed/images_train/fechas/C_108.jpg,42,7,121,18,79,11,date,12
C_108,../../01.Datasets/processed/images_train/fechas/C_108.jpg,42,7,52,18,10,11,2,3
C_108,../../01.Datasets/processed/images_train/fechas/C_108.jpg,52,7,60,19,8,12,4,5
C_108,../../01.Datasets/processed/images_train/fechas/C_108.jpg,60,9,68,14,8,5,-,11
C_108,../../01.Datasets/processed/images_train/fechas/C_108.jpg,66,7,75,18,9,11,0,1
C_108,../../01.Datasets/processed/images_train/fechas/C_108.jpg,75,7,83,18,8,11,6,7
C_108,../../01.Datasets/processed/images_train/fechas/C_108.jpg,83,9,91,14,8,5,-,11
C_108,../../01.Datasets/processed/images_train/fechas/C_108.jpg,91,7,100,18,9,11,2,3
C_108,../../01.Datasets/processed/images_train/fechas/C_108.jpg,100,7,107,18,7,11,0,1
C_108,../../01.Datasets/processed/images_train/fechas/C_108.jpg,106,7,114,18,8,11,2,3
C_108,../../01.Datasets/processed/images_train/fechas/C_108.jpg,115,7,121,18,6,11,1,2
C_109,../../01.Datasets/processed/images_train/fechas/C_109.jpg,36,8,122,18,86,10,date,12
C_109,../../01.Datasets/processed/images_train/fechas/C_109.jpg,37,8,48,18,11,10,2,3
C_109,../../01.Datasets/processed/images_train/fechas/C_109.jpg,46,8,55,18,9,10,3,4
C_109,../../01.Datasets/processed/images_train/fechas/C_109.jpg,55,10,63,15,8,5,-,11
C_109,../../01.Datasets/processed/images_train/fechas/C_109.jpg,62,8,73,18,11,10,0,1
C_109,../../01.Datasets/processed/images_train/fechas/C_109.jpg,72,7,80,18,8,11,2,3
C_109,../../01.Datasets/processed/images_train/fechas/C_109.jpg,81,10,89,15,8,5,-,11
C_109,../../01.Datasets/processed/images_train/fechas/C_109.jpg,92,8,100,18,8,10,2,3
C_109,../../01.Datasets/processed/images_train/fechas/C_109.jpg,100,8,109,19,9,11,0,1
C_109,../../01.Datasets/processed/images_train/fechas/C_109.jpg,109,9,116,19,7,10,2,3
C_109,../../01.Datasets/processed/images_train/fechas/C_109.jpg,116,8,121,18,5,10,1,2
C_112,../../01.Datasets/processed/images_train/fechas/C_112.jpg,44,9,130,19,86,10,date,12
C_112,../../01.Datasets/processed/images_train/fechas/C_112.jpg,45,9,56,18,11,9,0,1
C_112,../../01.Datasets/processed/images_train/fechas/C_112.jpg,55,9,64,19,9,10,6,7
C_112,../../01.Datasets/processed/images_train/fechas/C_112.jpg,65,11,71,15,6,4,-,11
C_112,../../01.Datasets/processed/images_train/fechas/C_112.jpg,72,9,80,19,8,10,0,1
C_112,../../01.Datasets/processed/images_train/fechas/C_112.jpg,80,9,90,20,10,11,5,6
C_112,../../01.Datasets/processed/images_train/fechas/C_112.jpg,92,11,100,16,8,5,-,11
C_112,../../01.Datasets/processed/images_train/fechas/C_112.jpg,100,9,108,19,8,10,2,3
C_112,../../01.Datasets/processed/images_train/fechas/C_112.jpg,109,9,115,19,6,10,0,1
C_112,../../01.Datasets/processed/images_train/fechas/C_112.jpg,116,9,122,19,6,10,2,3
C_112,../../01.Datasets/processed/images_train/fechas/C_112.jpg,123,8,130,19,7,11,1,2
C_113,../../01.Datasets/processed/images_train/fechas/C_113.jpg,42,8,120,20,78,12,date,12
C_113,../../01.Datasets/processed/images_train/fechas/C_113.jpg,41,8,49,20,8,12,1,2
C_113,../../01.Datasets/processed/images_train/fechas/C_113.jpg,49,7,57,21,8,14,4,5
C_113,../../01.Datasets/processed/images_train/fechas/C_113.jpg,55,11,64,16,9,5,-,11
C_113,../../01.Datasets/processed/images_train/fechas/C_113.jpg,63,9,72,19,9,10,0,1
C_113,../../01.Datasets/processed/images_train/fechas/C_113.jpg,72,9,80,20,8,11,7,8
C_113,../../01.Datasets/processed/images_train/fechas/C_113.jpg,80,11,89,15,9,4,-,11
C_113,../../01.Datasets/processed/images_train/fechas/C_113.jpg,87,9,95,19,8,10,2,3
C_113,../../01.Datasets/processed/images_train/fechas/C_113.jpg,94,9,103,20,9,11,0,1
C_113,../../01.Datasets/processed/images_train/fechas/C_113.jpg,103,8,111,20,8,12,2,3
C_113,../../01.Datasets/processed/images_train/fechas/C_113.jpg,111,9,120,20,9,11,1,2
C_114,../../01.Datasets/processed/images_train/fechas/C_114.jpg,48,5,138,15,90,10,date,12
C_114,../../01.Datasets/processed/images_train/fechas/C_114.jpg,47,5,55,16,8,11,1,2
C_114,../../01.Datasets/processed/images_train/fechas/C_114.jpg,55,5,63,16,8,11,5,6
C_114,../../01.Datasets/processed/images_train/fechas/C_114.jpg,65,9,71,13,6,4,-,11
C_114,../../01.Datasets/processed/images_train/fechas/C_114.jpg,72,6,80,16,8,10,0,1
C_114,../../01.Datasets/processed/images_train/fechas/C_114.jpg,80,5,89,17,9,12,3,4
C_114,../../01.Datasets/processed/images_train/fechas/C_114.jpg,90,9,96,13,6,4,-,11
C_114,../../01.Datasets/processed/images_train/fechas/C_114.jpg,102,6,112,16,10,10,2,3
C_114,../../01.Datasets/processed/images_train/fechas/C_114.jpg,111,5,122,16,11,11,0,1
C_114,../../01.Datasets/processed/images_train/fechas/C_114.jpg,123,5,131,15,8,10,2,3
C_114,../../01.Datasets/processed/images_train/fechas/C_114.jpg,131,5,139,16,8,11,1,2
C_116,../../01.Datasets/processed/images_train/fechas/C_116.jpg,36,6,139,18,103,12,date,12
C_116,../../01.Datasets/processed/images_train/fechas/C_116.jpg,36,6,48,19,12,13,2,3
C_116,../../01.Datasets/processed/images_train/fechas/C_116.jpg,48,6,58,19,10,13,0,1
C_116,../../01.Datasets/processed/images_train/fechas/C_116.jpg,58,10,67,15,9,5,-,11
C_116,../../01.Datasets/processed/images_train/fechas/C_116.jpg,68,6,78,18,10,12,0,1
C_116,../../01.Datasets/processed/images_train/fechas/C_116.jpg,77,6,87,19,10,13,5,6
C_116,../../01.Datasets/processed/images_train/fechas/C_116.jpg,89,10,97,15,8,5,-,11
C_116,../../01.Datasets/processed/images_train/fechas/C_116.jpg,100,6,109,18,9,12,2,3
C_116,../../01.Datasets/processed/images_train/fechas/C_116.jpg,108,7,118,18,10,11,0,1
C_116,../../01.Datasets/processed/images_train/fechas/C_116.jpg,119,7,130,18,11,11,2,3
C_116,../../01.Datasets/processed/images_train/fechas/C_116.jpg,128,6,138,18,10,12,1,2
C_118,../../01.Datasets/processed/images_train/fechas/C_118.jpg,42,6,150,18,108,12,date,12
C_118,../../01.Datasets/processed/images_train/fechas/C_118.jpg,43,6,52,21,9,15,1,2
C_118,../../01.Datasets/processed/images_train/fechas/C_118.jpg,53,6,64,21,11,15,4,5
C_118,../../01.Datasets/processed/images_train/fechas/C_118.jpg,65,10,75,15,10,5,-,11
C_118,../../01.Datasets/processed/images_train/fechas/C_118.jpg,75,7,87,19,12,12,0,1
C_118,../../01.Datasets/processed/images_train/fechas/C_118.jpg,87,7,99,18,12,11,5,6
C_118,../../01.Datasets/processed/images_train/fechas/C_118.jpg,98,9,106,14,8,5,-,11
C_118,../../01.Datasets/processed/images_train/fechas/C_118.jpg,107,7,118,18,11,11,2,3
C_118,../../01.Datasets/processed/images_train/fechas/C_118.jpg,118,6,129,17,11,11,0,1
C_118,../../01.Datasets/processed/images_train/fechas/C_118.jpg,129,6,138,17,9,11,2,3
C_118,../../01.Datasets/processed/images_train/fechas/C_118.jpg,140,6,148,17,8,11,1,2
C_119,../../01.Datasets/processed/images_train/fechas/C_119.jpg,36,3,143,14,107,11,date,12
C_119,../../01.Datasets/processed/images_train/fechas/C_119.jpg,37,4,46,15,9,11,2,3
C_119,../../01.Datasets/processed/images_train/fechas/C_119.jpg,46,3,55,14,9,11,0,1
C_119,../../01.Datasets/processed/images_train/fechas/C_119.jpg,57,6,66,11,9,5,-,11
C_119,../../01.Datasets/processed/images_train/fechas/C_119.jpg,65,3,77,14,12,11,0,1
C_119,../../01.Datasets/processed/images_train/fechas/C_119.jpg,77,3,87,14,10,11,3,4
C_119,../../01.Datasets/processed/images_train/fechas/C_119.jpg,88,6,97,11,9,5,-,11
C_119,../../01.Datasets/processed/images_train/fechas/C_119.jpg,99,3,108,14,9,11,2,3
C_119,../../01.Datasets/processed/images_train/fechas/C_119.jpg,109,3,117,14,8,11,0,1
C_119,../../01.Datasets/processed/images_train/fechas/C_119.jpg,118,4,130,13,12,9,2,3
C_119,../../01.Datasets/processed/images_train/fechas/C_119.jpg,131,3,140,14,9,11,1,2
C_12,../../01.Datasets/processed/images_train/fechas/C_12.jpg,34,9,112,20,78,11,date,12
C_12,../../01.Datasets/processed/images_train/fechas/C_12.jpg,34,9,44,19,10,10,2,3
C_12,../../01.Datasets/processed/images_train/fechas/C_12.jpg,43,9,52,20,9,11,7,8
C_12,../../01.Datasets/processed/images_train/fechas/C_12.jpg,52,12,59,16,7,4,-,11
C_12,../../01.Datasets/processed/images_train/fechas/C_12.jpg,58,9,66,19,8,10,0,1
C_12,../../01.Datasets/processed/images_train/fechas/C_12.jpg,66,9,75,19,9,10,4,5
C_12,../../01.Datasets/processed/images_train/fechas/C_12.jpg,74,12,82,16,8,4,-,11
C_12,../../01.Datasets/processed/images_train/fechas/C_12.jpg,81,10,89,20,8,10,2,3
C_12,../../01.Datasets/processed/images_train/fechas/C_12.jpg,90,9,96,20,6,11,0,1
C_12,../../01.Datasets/processed/images_train/fechas/C_12.jpg,96,10,103,20,7,10,2,3
C_12,../../01.Datasets/processed/images_train/fechas/C_12.jpg,103,9,111,20,8,11,1,2
C_120,../../01.Datasets/processed/images_train/fechas/C_120.jpg,42,11,144,20,102,9,date,12
C_120,../../01.Datasets/processed/images_train/fechas/C_120.jpg,43,12,52,21,9,9,2,3
C_120,../../01.Datasets/processed/images_train/fechas/C_120.jpg,52,11,60,21,8,10,2,3
C_120,../../01.Datasets/processed/images_train/fechas/C_120.jpg,61,14,68,19,7,5,-,11
C_120,../../01.Datasets/processed/images_train/fechas/C_120.jpg,69,11,79,21,10,10,0,1
C_120,../../01.Datasets/processed/images_train/fechas/C_120.jpg,81,11,92,21,11,10,3,4
C_120,../../01.Datasets/processed/images_train/fechas/C_120.jpg,93,12,104,18,11,6,-,11
C_120,../../01.Datasets/processed/images_train/fechas/C_120.jpg,104,12,115,20,11,8,2,3
C_120,../../01.Datasets/processed/images_train/fechas/C_120.jpg,114,11,123,20,9,9,0,1
C_120,../../01.Datasets/processed/images_train/fechas/C_120.jpg,124,11,135,20,11,9,2,3
C_120,../../01.Datasets/processed/images_train/fechas/C_120.jpg,134,11,143,21,9,10,1,2
C_121,../../01.Datasets/processed/images_train/fechas/C_121.jpg,51,10,62,20,11,10,1,2
C_121,../../01.Datasets/processed/images_train/fechas/C_121.jpg,62,10,74,20,12,10,4,5
C_121,../../01.Datasets/processed/images_train/fechas/C_121.jpg,74,12,85,18,11,6,-,11
C_121,../../01.Datasets/processed/images_train/fechas/C_121.jpg,89,10,101,19,12,9,0,1
C_121,../../01.Datasets/processed/images_train/fechas/C_121.jpg,102,9,112,20,10,11,4,5
C_121,../../01.Datasets/processed/images_train/fechas/C_121.jpg,113,11,124,17,11,6,-,11
C_121,../../01.Datasets/processed/images_train/fechas/C_121.jpg,127,9,137,20,10,11,2,3
C_121,../../01.Datasets/processed/images_train/fechas/C_121.jpg,51,9,162,21,111,12,date,12
C_121,../../01.Datasets/processed/images_train/fechas/C_121.jpg,136,9,147,20,11,11,0,1
C_121,../../01.Datasets/processed/images_train/fechas/C_121.jpg,146,10,155,20,9,10,2,3
C_121,../../01.Datasets/processed/images_train/fechas/C_121.jpg,155,9,161,19,6,10,1,2
C_122,../../01.Datasets/processed/images_train/fechas/C_122.jpg,36,11,47,20,11,9,2,3
C_122,../../01.Datasets/processed/images_train/fechas/C_122.jpg,48,12,58,20,10,8,0,1
C_122,../../01.Datasets/processed/images_train/fechas/C_122.jpg,60,12,69,18,9,6,-,11
C_122,../../01.Datasets/processed/images_train/fechas/C_122.jpg,73,11,83,20,10,9,0,1
C_122,../../01.Datasets/processed/images_train/fechas/C_122.jpg,85,12,95,20,10,8,4,5
C_122,../../01.Datasets/processed/images_train/fechas/C_122.jpg,96,12,107,18,11,6,-,11
C_122,../../01.Datasets/processed/images_train/fechas/C_122.jpg,113,10,124,19,11,9,2,3
C_122,../../01.Datasets/processed/images_train/fechas/C_122.jpg,125,10,136,19,11,9,0,1
C_122,../../01.Datasets/processed/images_train/fechas/C_122.jpg,137,10,145,19,8,9,2,3
C_122,../../01.Datasets/processed/images_train/fechas/C_122.jpg,147,10,153,19,6,9,1,2
C_122,../../01.Datasets/processed/images_train/fechas/C_122.jpg,37,10,154,21,117,11,date,12
C_124,../../01.Datasets/processed/images_train/fechas/C_124.jpg,37,10,48,19,11,9,2,3
C_124,../../01.Datasets/processed/images_train/fechas/C_124.jpg,52,10,59,18,7,8,2,3
C_124,../../01.Datasets/processed/images_train/fechas/C_124.jpg,61,10,70,18,9,8,-,11
C_124,../../01.Datasets/processed/images_train/fechas/C_124.jpg,73,9,84,18,11,9,0,1
C_124,../../01.Datasets/processed/images_train/fechas/C_124.jpg,85,10,94,19,9,9,2,3
C_124,../../01.Datasets/processed/images_train/fechas/C_124.jpg,97,10,106,17,9,7,-,11
C_124,../../01.Datasets/processed/images_train/fechas/C_124.jpg,110,9,120,18,10,9,2,3
C_124,../../01.Datasets/processed/images_train/fechas/C_124.jpg,120,10,128,18,8,8,0,1
C_124,../../01.Datasets/processed/images_train/fechas/C_124.jpg,129,10,138,17,9,7,2,3
C_124,../../01.Datasets/processed/images_train/fechas/C_124.jpg,140,9,148,17,8,8,1,2
C_124,../../01.Datasets/processed/images_train/fechas/C_124.jpg,37,8,150,19,113,11,date,12
C_125,../../01.Datasets/processed/images_train/fechas/C_125.jpg,35,12,43,22,8,10,1,2
C_125,../../01.Datasets/processed/images_train/fechas/C_125.jpg,45,12,56,21,11,9,7,8
C_125,../../01.Datasets/processed/images_train/fechas/C_125.jpg,59,12,70,18,11,6,-,11
C_125,../../01.Datasets/processed/images_train/fechas/C_125.jpg,72,11,84,20,12,9,0,1
C_125,../../01.Datasets/processed/images_train/fechas/C_125.jpg,85,12,94,20,9,8,6,7
C_125,../../01.Datasets/processed/images_train/fechas/C_125.jpg,97,12,106,17,9,5,-,11
C_125,../../01.Datasets/processed/images_train/fechas/C_125.jpg,116,11,125,20,9,9,2,3
C_125,../../01.Datasets/processed/images_train/fechas/C_125.jpg,126,12,134,19,8,7,0,1
C_125,../../01.Datasets/processed/images_train/fechas/C_125.jpg,136,12,147,20,11,8,2,3
C_125,../../01.Datasets/processed/images_train/fechas/C_125.jpg,148,10,158,19,10,9,1,2
C_125,../../01.Datasets/processed/images_train/fechas/C_125.jpg,36,11,160,23,124,12,date,12
C_128,../../01.Datasets/processed/images_train/fechas/C_128.jpg,39,10,50,20,11,10,4,5
C_128,../../01.Datasets/processed/images_train/fechas/C_128.jpg,52,11,65,17,13,6,-,11
C_128,../../01.Datasets/processed/images_train/fechas/C_128.jpg,67,10,78,19,11,9,2,3
C_128,../../01.Datasets/processed/images_train/fechas/C_128.jpg,79,10,90,19,11,9,8,9
C_128,../../01.Datasets/processed/images_train/fechas/C_128.jpg,90,10,101,15,11,5,-,11
C_128,../../01.Datasets/processed/images_train/fechas/C_128.jpg,99,10,111,18,12,8,2,3
C_128,../../01.Datasets/processed/images_train/fechas/C_128.jpg,112,10,121,18,9,8,0,1
C_128,../../01.Datasets/processed/images_train/fechas/C_128.jpg,123,10,131,18,8,8,2,3
C_128,../../01.Datasets/processed/images_train/fechas/C_128.jpg,133,10,143,18,10,8,1,2
C_128,../../01.Datasets/processed/images_train/fechas/C_128.jpg,39,10,142,20,103,10,date,12
C_13,../../01.Datasets/processed/images_train/fechas/C_13.jpg,30,8,112,19,82,11,date,12
C_13,../../01.Datasets/processed/images_train/fechas/C_13.jpg,32,9,41,18,9,9,2,3
C_13,../../01.Datasets/processed/images_train/fechas/C_13.jpg,41,9,49,18,8,9,6,7
C_13,../../01.Datasets/processed/images_train/fechas/C_13.jpg,49,12,56,18,7,6,-,11
C_13,../../01.Datasets/processed/images_train/fechas/C_13.jpg,55,9,63,19,8,10,0,1
C_13,../../01.Datasets/processed/images_train/fechas/C_13.jpg,63,8,72,18,9,10,6,7
C_13,../../01.Datasets/processed/images_train/fechas/C_13.jpg,72,12,79,19,7,7,-,11
C_13,../../01.Datasets/processed/images_train/fechas/C_13.jpg,80,8,89,18,9,10,2,3
C_13,../../01.Datasets/processed/images_train/fechas/C_13.jpg,89,8,97,19,8,11,0,1
C_13,../../01.Datasets/processed/images_train/fechas/C_13.jpg,97,8,105,19,8,11,2,3
C_13,../../01.Datasets/processed/images_train/fechas/C_13.jpg,104,8,111,19,7,11,1,2
C_130,../../01.Datasets/processed/images_train/fechas/C_130.jpg,45,10,55,19,10,9,0,1
C_130,../../01.Datasets/processed/images_train/fechas/C_130.jpg,55,10,63,19,8,9,7,8
C_130,../../01.Datasets/processed/images_train/fechas/C_130.jpg,66,11,75,16,9,5,-,11
C_130,../../01.Datasets/processed/images_train/fechas/C_130.jpg,76,10,87,18,11,8,0,1
C_130,../../01.Datasets/processed/images_train/fechas/C_130.jpg,88,10,97,18,9,8,7,8
C_130,../../01.Datasets/processed/images_train/fechas/C_130.jpg,100,11,108,16,8,5,-,11
C_130,../../01.Datasets/processed/images_train/fechas/C_130.jpg,111,9,121,17,10,8,2,3
C_130,../../01.Datasets/processed/images_train/fechas/C_130.jpg,121,9,132,18,11,9,0,1
C_130,../../01.Datasets/processed/images_train/fechas/C_130.jpg,132,10,140,18,8,8,2,3
C_130,../../01.Datasets/processed/images_train/fechas/C_130.jpg,140,10,149,17,9,7,1,2
C_130,../../01.Datasets/processed/images_train/fechas/C_130.jpg,43,9,150,21,107,12,date,12
C_131,../../01.Datasets/processed/images_train/fechas/C_131.jpg,45,5,56,14,11,9,0,1
C_131,../../01.Datasets/processed/images_train/fechas/C_131.jpg,58,5,66,14,8,9,8,9
C_131,../../01.Datasets/processed/images_train/fechas/C_131.jpg,69,6,77,11,8,5,-,11
C_131,../../01.Datasets/processed/images_train/fechas/C_131.jpg,80,4,89,13,9,9,0,1
C_131,../../01.Datasets/processed/images_train/fechas/C_131.jpg,89,4,97,13,8,9,3,4
C_131,../../01.Datasets/processed/images_train/fechas/C_131.jpg,100,4,110,9,10,5,-,11
C_131,../../01.Datasets/processed/images_train/fechas/C_131.jpg,114,1,123,10,9,9,2,3
C_131,../../01.Datasets/processed/images_train/fechas/C_131.jpg,126,3,134,10,8,7,0,1
C_131,../../01.Datasets/processed/images_train/fechas/C_131.jpg,135,3,143,10,8,7,2,3
C_131,../../01.Datasets/processed/images_train/fechas/C_131.jpg,145,2,153,11,8,9,1,2
C_131,../../01.Datasets/processed/images_train/fechas/C_131.jpg,46,2,152,15,106,13,date,12
C_132,../../01.Datasets/processed/images_train/fechas/C_132.jpg,34,10,45,19,11,9,2,3
C_132,../../01.Datasets/processed/images_train/fechas/C_132.jpg,47,9,59,18,12,9,9,10
C_132,../../01.Datasets/processed/images_train/fechas/C_132.jpg,61,10,67,16,6,6,-,11
C_132,../../01.Datasets/processed/images_train/fechas/C_132.jpg,70,9,81,17,11,8,0,1
C_132,../../01.Datasets/processed/images_train/fechas/C_132.jpg,80,9,90,18,10,9,5,6
C_132,../../01.Datasets/processed/images_train/fechas/C_132.jpg,94,10,103,13,9,3,-,11
C_132,../../01.Datasets/processed/images_train/fechas/C_132.jpg,107,8,118,17,11,9,2,3
C_132,../../01.Datasets/processed/images_train/fechas/C_132.jpg,119,8,128,15,9,7,0,1
C_132,../../01.Datasets/processed/images_train/fechas/C_132.jpg,128,8,137,17,9,9,2,3
C_132,../../01.Datasets/processed/images_train/fechas/C_132.jpg,140,8,148,17,8,9,1,2
C_132,../../01.Datasets/processed/images_train/fechas/C_132.jpg,35,8,150,20,115,12,date,12
C_134,../../01.Datasets/processed/images_train/fechas/C_134.jpg,49,0,63,11,14,11,2,3
C_134,../../01.Datasets/processed/images_train/fechas/C_134.jpg,62,0,73,11,11,11,3,4
C_134,../../01.Datasets/processed/images_train/fechas/C_134.jpg,75,1,83,7,8,6,-,11
C_134,../../01.Datasets/processed/images_train/fechas/C_134.jpg,86,0,95,8,9,8,0,1
C_134,../../01.Datasets/processed/images_train/fechas/C_134.jpg,94,1,105,9,11,8,5,6
C_134,../../01.Datasets/processed/images_train/fechas/C_134.jpg,107,0,118,5,11,5,-,11
C_134,../../01.Datasets/processed/images_train/fechas/C_134.jpg,120,0,128,8,8,8,2,3
C_134,../../01.Datasets/processed/images_train/fechas/C_134.jpg,129,1,137,7,8,6,0,1
C_134,../../01.Datasets/processed/images_train/fechas/C_134.jpg,138,1,146,6,8,5,2,3
C_134,../../01.Datasets/processed/images_train/fechas/C_134.jpg,149,1,155,7,6,6,1,2
C_134,../../01.Datasets/processed/images_train/fechas/C_134.jpg,48,1,156,13,108,12,date,12
C_136,../../01.Datasets/processed/images_train/fechas/C_136.jpg,36,10,42,19,6,9,1,2
C_136,../../01.Datasets/processed/images_train/fechas/C_136.jpg,44,10,51,19,7,9,2,3
C_136,../../01.Datasets/processed/images_train/fechas/C_136.jpg,52,12,61,15,9,3,-,11
C_136,../../01.Datasets/processed/images_train/fechas/C_136.jpg,64,10,76,18,12,8,0,1
C_136,../../01.Datasets/processed/images_train/fechas/C_136.jpg,76,10,82,18,6,8,1,2
C_136,../../01.Datasets/processed/images_train/fechas/C_136.jpg,86,12,96,17,10,5,-,11
C_136,../../01.Datasets/processed/images_train/fechas/C_136.jpg,99,10,108,18,9,8,2,3
C_136,../../01.Datasets/processed/images_train/fechas/C_136.jpg,109,10,118,18,9,8,0,1
C_136,../../01.Datasets/processed/images_train/fechas/C_136.jpg,120,10,127,17,7,7,2,3
C_136,../../01.Datasets/processed/images_train/fechas/C_136.jpg,130,10,136,17,6,7,1,2
C_136,../../01.Datasets/processed/images_train/fechas/C_136.jpg,34,9,136,20,102,11,date,12
C_137,../../01.Datasets/processed/images_train/fechas/C_137.jpg,40,10,48,19,8,9,0,1
C_137,../../01.Datasets/processed/images_train/fechas/C_137.jpg,49,10,58,19,9,9,7,8
C_137,../../01.Datasets/processed/images_train/fechas/C_137.jpg,60,13,68,15,8,2,-,11
C_137,../../01.Datasets/processed/images_train/fechas/C_137.jpg,72,10,80,18,8,8,0,1
C_137,../../01.Datasets/processed/images_train/fechas/C_137.jpg,80,10,90,18,10,8,5,6
C_137,../../01.Datasets/processed/images_train/fechas/C_137.jpg,92,10,100,13,8,3,-,11
C_137,../../01.Datasets/processed/images_train/fechas/C_137.jpg,100,10,110,18,10,8,2,3
C_137,../../01.Datasets/processed/images_train/fechas/C_137.jpg,112,10,119,17,7,7,0,1
C_137,../../01.Datasets/processed/images_train/fechas/C_137.jpg,118,10,126,16,8,6,2,3
C_137,../../01.Datasets/processed/images_train/fechas/C_137.jpg,127,10,134,18,7,8,1,2
C_137,../../01.Datasets/processed/images_train/fechas/C_137.jpg,39,10,136,20,97,10,date,12
C_138,../../01.Datasets/processed/images_train/fechas/C_138.jpg,42,11,53,20,11,9,0,1
C_138,../../01.Datasets/processed/images_train/fechas/C_138.jpg,54,10,65,20,11,10,9,10
C_138,../../01.Datasets/processed/images_train/fechas/C_138.jpg,68,13,74,17,6,4,-,11
C_138,../../01.Datasets/processed/images_train/fechas/C_138.jpg,78,10,86,19,8,9,0,1
C_138,../../01.Datasets/processed/images_train/fechas/C_138.jpg,87,10,98,18,11,8,5,6
C_138,../../01.Datasets/processed/images_train/fechas/C_138.jpg,100,11,109,15,9,4,-,11
C_138,../../01.Datasets/processed/images_train/fechas/C_138.jpg,109,10,118,18,9,8,2,3
C_138,../../01.Datasets/processed/images_train/fechas/C_138.jpg,118,10,129,17,11,7,0,1
C_138,../../01.Datasets/processed/images_train/fechas/C_138.jpg,128,10,137,18,9,8,2,3
C_138,../../01.Datasets/processed/images_train/fechas/C_138.jpg,138,9,144,17,6,8,1,2
C_138,../../01.Datasets/processed/images_train/fechas/C_138.jpg,42,9,144,21,102,12,date,12
C_139,../../01.Datasets/processed/images_train/fechas/C_139.jpg,41,10,47,19,6,9,2,3
C_139,../../01.Datasets/processed/images_train/fechas/C_139.jpg,48,10,59,19,11,9,3,4
C_139,../../01.Datasets/processed/images_train/fechas/C_139.jpg,61,12,67,16,6,4,-,11
C_139,../../01.Datasets/processed/images_train/fechas/C_139.jpg,73,10,84,19,11,9,0,1
C_139,../../01.Datasets/processed/images_train/fechas/C_139.jpg,86,10,94,19,8,9,3,4
C_139,../../01.Datasets/processed/images_train/fechas/C_139.jpg,98,12,104,15,6,3,-,11
C_139,../../01.Datasets/processed/images_train/fechas/C_139.jpg,108,10,117,18,9,8,2,3
C_139,../../01.Datasets/processed/images_train/fechas/C_139.jpg,117,10,127,18,10,8,0,1
C_139,../../01.Datasets/processed/images_train/fechas/C_139.jpg,128,10,137,18,9,8,2,3
C_139,../../01.Datasets/processed/images_train/fechas/C_139.jpg,140,10,147,17,7,7,1,2
C_139,../../01.Datasets/processed/images_train/fechas/C_139.jpg,38,9,149,21,111,12,date,12
C_14,../../01.Datasets/processed/images_train/fechas/C_14.jpg,31,10,116,20,85,10,date,12
C_14,../../01.Datasets/processed/images_train/fechas/C_14.jpg,31,10,42,20,11,10,1,2
C_14,../../01.Datasets/processed/images_train/fechas/C_14.jpg,41,10,50,20,9,10,3,4
C_14,../../01.Datasets/processed/images_train/fechas/C_14.jpg,51,13,57,17,6,4,-,11
C_14,../../01.Datasets/processed/images_train/fechas/C_14.jpg,56,10,67,20,11,10,0,1
C_14,../../01.Datasets/processed/images_train/fechas/C_14.jpg,66,10,75,20,9,10,2,3
C_14,../../01.Datasets/processed/images_train/fechas/C_14.jpg,75,12,83,17,8,5,-,11
C_14,../../01.Datasets/processed/images_train/fechas/C_14.jpg,83,10,92,20,9,10,2,3
C_14,../../01.Datasets/processed/images_train/fechas/C_14.jpg,92,10,100,21,8,11,0,1
C_14,../../01.Datasets/processed/images_train/fechas/C_14.jpg,100,10,108,20,8,10,2,3
C_14,../../01.Datasets/processed/images_train/fechas/C_14.jpg,108,10,116,20,8,10,1,2
C_140,../../01.Datasets/processed/images_train/fechas/C_140.jpg,36,10,44,19,8,9,1,2
C_140,../../01.Datasets/processed/images_train/fechas/C_140.jpg,46,10,60,20,14,10,8,9
C_140,../../01.Datasets/processed/images_train/fechas/C_140.jpg,64,12,72,15,8,3,-,11
C_140,../../01.Datasets/processed/images_train/fechas/C_140.jpg,76,10,86,18,10,8,0,1
C_140,../../01.Datasets/processed/images_train/fechas/C_140.jpg,88,9,97,16,9,7,4,5
C_140,../../01.Datasets/processed/images_train/fechas/C_140.jpg,102,10,111,13,9,3,-,11
C_140,../../01.Datasets/processed/images_train/fechas/C_140.jpg,114,9,123,17,9,8,2,3
C_140,../../01.Datasets/processed/images_train/fechas/C_140.jpg,124,7,134,15,10,8,0,1
C_140,../../01.Datasets/processed/images_train/fechas/C_140.jpg,134,8,142,15,8,7,2,3
C_140,../../01.Datasets/processed/images_train/fechas/C_140.jpg,144,6,150,14,6,8,1,2
C_140,../../01.Datasets/processed/images_train/fechas/C_140.jpg,36,6,150,21,114,15,date,12
C_141,../../01.Datasets/processed/images_train/fechas/C_141.jpg,39,13,46,21,7,8,2,3
C_141,../../01.Datasets/processed/images_train/fechas/C_141.jpg,51,13,57,21,6,8,4,5
C_141,../../01.Datasets/processed/images_train/fechas/C_141.jpg,58,15,66,19,8,4,-,11
C_141,../../01.Datasets/processed/images_train/fechas/C_141.jpg,68,12,80,22,12,10,0,1
C_141,../../01.Datasets/processed/images_train/fechas/C_141.jpg,80,13,89,20,9,7,4,5
C_141,../../01.Datasets/processed/images_train/fechas/C_141.jpg,92,14,99,18,7,4,-,11
C_141,../../01.Datasets/processed/images_train/fechas/C_141.jpg,100,11,109,21,9,10,2,3
C_141,../../01.Datasets/processed/images_train/fechas/C_141.jpg,109,13,118,20,9,7,0,1
C_141,../../01.Datasets/processed/images_train/fechas/C_141.jpg,119,12,128,20,9,8,2,3
C_141,../../01.Datasets/processed/images_train/fechas/C_141.jpg,130,11,136,20,6,9,1,2
C_141,../../01.Datasets/processed/images_train/fechas/C_141.jpg,39,11,137,22,98,11,date,12
C_142,../../01.Datasets/processed/images_train/fechas/C_142.jpg,34,9,45,17,11,8,6,7
C_142,../../01.Datasets/processed/images_train/fechas/C_142.jpg,48,11,57,14,9,3,-,11
C_142,../../01.Datasets/processed/images_train/fechas/C_142.jpg,57,9,66,17,9,8,2,3
C_142,../../01.Datasets/processed/images_train/fechas/C_142.jpg,68,9,77,17,9,8,7,8
C_142,../../01.Datasets/processed/images_train/fechas/C_142.jpg,79,10,86,13,7,3,-,11
C_142,../../01.Datasets/processed/images_train/fechas/C_142.jpg,90,9,100,16,10,7,2,3
C_142,../../01.Datasets/processed/images_train/fechas/C_142.jpg,100,9,109,15,9,6,0,1
C_142,../../01.Datasets/processed/images_train/fechas/C_142.jpg,111,8,119,14,8,6,2,3
C_142,../../01.Datasets/processed/images_train/fechas/C_142.jpg,121,8,127,14,6,6,1,2
C_142,../../01.Datasets/processed/images_train/fechas/C_142.jpg,35,8,128,18,93,10,date,12
C_143,../../01.Datasets/processed/images_train/fechas/C_143.jpg,35,10,44,18,9,8,2,3
C_143,../../01.Datasets/processed/images_train/fechas/C_143.jpg,46,10,55,18,9,8,6,7
C_143,../../01.Datasets/processed/images_train/fechas/C_143.jpg,58,12,66,16,8,4,-,11
C_143,../../01.Datasets/processed/images_train/fechas/C_143.jpg,70,9,81,16,11,7,0,1
C_143,../../01.Datasets/processed/images_train/fechas/C_143.jpg,83,10,91,16,8,6,2,3
C_143,../../01.Datasets/processed/images_train/fechas/C_143.jpg,34,9,91,20,57,11,date,12
C_145,../../01.Datasets/processed/images_train/fechas/C_145.jpg,31,10,36,18,5,8,1,2
C_145,../../01.Datasets/processed/images_train/fechas/C_145.jpg,39,10,49,19,10,9,8,9
C_145,../../01.Datasets/processed/images_train/fechas/C_145.jpg,53,12,59,16,6,4,-,11
C_145,../../01.Datasets/processed/images_train/fechas/C_145.jpg,63,10,73,18,10,8,0,1
C_145,../../01.Datasets/processed/images_train/fechas/C_145.jpg,76,10,81,18,5,8,1,2
C_145,../../01.Datasets/processed/images_train/fechas/C_145.jpg,83,11,91,15,8,4,-,11
C_145,../../01.Datasets/processed/images_train/fechas/C_145.jpg,94,10,103,17,9,7,2,3
C_145,../../01.Datasets/processed/images_train/fechas/C_145.jpg,103,10,111,17,8,7,0,1
C_145,../../01.Datasets/processed/images_train/fechas/C_145.jpg,113,9,120,17,7,8,2,3
C_145,../../01.Datasets/processed/images_train/fechas/C_145.jpg,124,9,131,17,7,8,1,2
C_145,../../01.Datasets/processed/images_train/fechas/C_145.jpg,31,9,132,20,101,11,date,12
C_146,../../01.Datasets/processed/images_train/fechas/C_146.jpg,37,11,42,20,5,9,1,2
C_146,../../01.Datasets/processed/images_train/fechas/C_146.jpg,44,11,52,20,8,9,3,4
C_146,../../01.Datasets/processed/images_train/fechas/C_146.jpg,55,12,63,16,8,4,-,11
C_146,../../01.Datasets/processed/images_train/fechas/C_146.jpg,65,12,74,19,9,7,0,1
C_146,../../01.Datasets/processed/images_train/fechas/C_146.jpg,76,10,82,19,6,9,5,6
C_146,../../01.Datasets/processed/images_train/fechas/C_146.jpg,85,11,89,15,4,4,-,11
C_146,../../01.Datasets/processed/images_train/fechas/C_146.jpg,91,10,102,18,11,8,2,3
C_146,../../01.Datasets/processed/images_train/fechas/C_146.jpg,103,11,111,17,8,6,0,1
C_146,../../01.Datasets/processed/images_train/fechas/C_146.jpg,111,10,120,18,9,8,2,3
C_146,../../01.Datasets/processed/images_train/fechas/C_146.jpg,124,10,129,17,5,7,1,2
C_146,../../01.Datasets/processed/images_train/fechas/C_146.jpg,37,10,131,21,94,11,date,12
C_147,../../01.Datasets/processed/images_train/fechas/C_147.jpg,43,13,52,21,9,8,0,1
C_147,../../01.Datasets/processed/images_train/fechas/C_147.jpg,52,13,61,21,9,8,3,4
C_147,../../01.Datasets/processed/images_train/fechas/C_147.jpg,63,15,71,19,8,4,-,11
C_147,../../01.Datasets/processed/images_train/fechas/C_147.jpg,75,13,82,21,7,8,0,1
C_147,../../01.Datasets/processed/images_train/fechas/C_147.jpg,81,13,89,21,8,8,5,6
C_147,../../01.Datasets/processed/images_train/fechas/C_147.jpg,92,14,99,18,7,4,-,11
C_147,../../01.Datasets/processed/images_train/fechas/C_147.jpg,100,13,109,20,9,7,2,3
C_147,../../01.Datasets/processed/images_train/fechas/C_147.jpg,109,13,118,20,9,7,0,1
C_147,../../01.Datasets/processed/images_train/fechas/C_147.jpg,120,12,128,19,8,7,2,3
C_147,../../01.Datasets/processed/images_train/fechas/C_147.jpg,130,13,135,20,5,7,1,2
C_147,../../01.Datasets/processed/images_train/fechas/C_147.jpg,43,12,136,23,93,11,date,12
C_149,../../01.Datasets/processed/images_train/fechas/C_149.jpg,21,8,35,17,14,9,6,7
C_149,../../01.Datasets/processed/images_train/fechas/C_149.jpg,34,11,43,16,9,5,-,11
C_149,../../01.Datasets/processed/images_train/fechas/C_149.jpg,46,10,56,16,10,6,7,8
C_149,../../01.Datasets/processed/images_train/fechas/C_149.jpg,60,10,69,15,9,5,-,11
C_149,../../01.Datasets/processed/images_train/fechas/C_149.jpg,74,10,83,16,9,6,2,3
C_149,../../01.Datasets/processed/images_train/fechas/C_149.jpg,86,9,94,15,8,6,0,1
C_149,../../01.Datasets/processed/images_train/fechas/C_149.jpg,95,9,102,15,7,6,2,3
C_149,../../01.Datasets/processed/images_train/fechas/C_149.jpg,104,10,110,15,6,5,1,2
C_149,../../01.Datasets/processed/images_train/fechas/C_149.jpg,20,8,110,17,90,9,date,12
C_15,../../01.Datasets/processed/images_train/fechas/C_15.jpg,31,9,122,19,91,10,date,12
C_15,../../01.Datasets/processed/images_train/fechas/C_15.jpg,32,10,42,19,10,9,0,1
C_15,../../01.Datasets/processed/images_train/fechas/C_15.jpg,42,9,53,19,11,10,8,9
C_15,../../01.Datasets/processed/images_train/fechas/C_15.jpg,53,12,59,16,6,4,-,11
C_15,../../01.Datasets/processed/images_train/fechas/C_15.jpg,60,9,69,19,9,10,0,1
C_15,../../01.Datasets/processed/images_train/fechas/C_15.jpg,68,9,79,20,11,11,3,4
C_15,../../01.Datasets/processed/images_train/fechas/C_15.jpg,78,11,86,16,8,5,-,11
C_15,../../01.Datasets/processed/images_train/fechas/C_15.jpg,89,9,97,19,8,10,2,3
C_15,../../01.Datasets/processed/images_train/fechas/C_15.jpg,99,9,105,20,6,11,0,1
C_15,../../01.Datasets/processed/images_train/fechas/C_15.jpg,106,9,114,19,8,10,2,3
C_15,../../01.Datasets/processed/images_train/fechas/C_15.jpg,114,9,122,19,8,10,1,2
C_150,../../01.Datasets/processed/images_train/fechas/C_150.jpg,24,10,33,17,9,7,0,1
C_150,../../01.Datasets/processed/images_train/fechas/C_150.jpg,34,11,38,17,4,6,1,2
C_150,../../01.Datasets/processed/images_train/fechas/C_150.jpg,44,12,51,15,7,3,-,11
C_150,../../01.Datasets/processed/images_train/fechas/C_150.jpg,52,11,61,16,9,5,0,1
C_150,../../01.Datasets/processed/images_train/fechas/C_150.jpg,63,10,72,16,9,6,6,7
C_150,../../01.Datasets/processed/images_train/fechas/C_150.jpg,76,12,83,16,7,4,-,11
C_150,../../01.Datasets/processed/images_train/fechas/C_150.jpg,89,9,97,18,8,9,2,3
C_150,../../01.Datasets/processed/images_train/fechas/C_150.jpg,100,10,109,18,9,8,0,1
C_150,../../01.Datasets/processed/images_train/fechas/C_150.jpg,111,10,119,18,8,8,2,3
C_150,../../01.Datasets/processed/images_train/fechas/C_150.jpg,120,10,123,19,3,9,1,2
C_150,../../01.Datasets/processed/images_train/fechas/C_150.jpg,24,9,124,20,100,11,date,12
C_151,../../01.Datasets/processed/images_train/fechas/C_151.jpg,26,10,35,18,9,8,2,3
C_151,../../01.Datasets/processed/images_train/fechas/C_151.jpg,38,9,45,17,7,8,5,6
C_151,../../01.Datasets/processed/images_train/fechas/C_151.jpg,49,12,59,16,10,4,-,11
C_151,../../01.Datasets/processed/images_train/fechas/C_151.jpg,65,9,75,17,10,8,0,1
C_151,../../01.Datasets/processed/images_train/fechas/C_151.jpg,77,8,88,18,11,10,4,5
C_151,../../01.Datasets/processed/images_train/fechas/C_151.jpg,92,10,100,15,8,5,-,11
C_151,../../01.Datasets/processed/images_train/fechas/C_151.jpg,106,10,115,17,9,7,2,3
C_151,../../01.Datasets/processed/images_train/fechas/C_151.jpg,119,10,128,16,9,6,0,1
C_151,../../01.Datasets/processed/images_train/fechas/C_151.jpg,131,9,145,16,14,7,2,3
C_151,../../01.Datasets/processed/images_train/fechas/C_151.jpg,150,9,155,17,5,8,1,2
C_151,../../01.Datasets/processed/images_train/fechas/C_151.jpg,27,9,158,19,131,10,date,12
C_154,../../01.Datasets/processed/images_train/fechas/C_154.jpg,26,9,35,17,9,8,0,1
C_154,../../01.Datasets/processed/images_train/fechas/C_154.jpg,36,10,44,17,8,7,5,6
C_154,../../01.Datasets/processed/images_train/fechas/C_154.jpg,48,11,53,15,5,4,-,11
C_154,../../01.Datasets/processed/images_train/fechas/C_154.jpg,59,10,69,17,10,7,0,1
C_154,../../01.Datasets/processed/images_train/fechas/C_154.jpg,73,9,83,17,10,8,8,9
C_154,../../01.Datasets/processed/images_train/fechas/C_154.jpg,88,11,97,15,9,4,-,11
C_154,../../01.Datasets/processed/images_train/fechas/C_154.jpg,100,8,108,17,8,9,2,3
C_154,../../01.Datasets/processed/images_train/fechas/C_154.jpg,111,10,122,17,11,7,0,1
C_154,../../01.Datasets/processed/images_train/fechas/C_154.jpg,125,9,134,17,9,8,2,3
C_154,../../01.Datasets/processed/images_train/fechas/C_154.jpg,136,9,140,17,4,8,1,2
C_154,../../01.Datasets/processed/images_train/fechas/C_154.jpg,25,8,140,18,115,10,date,12
C_155,../../01.Datasets/processed/images_train/fechas/C_155.jpg,27,12,36,17,9,5,0,1
C_155,../../01.Datasets/processed/images_train/fechas/C_155.jpg,36,10,44,18,8,8,2,3
C_155,../../01.Datasets/processed/images_train/fechas/C_155.jpg,45,13,52,17,7,4,-,11
C_155,../../01.Datasets/processed/images_train/fechas/C_155.jpg,56,11,67,17,11,6,0,1
C_155,../../01.Datasets/processed/images_train/fechas/C_155.jpg,68,10,77,17,9,7,5,6
C_155,../../01.Datasets/processed/images_train/fechas/C_155.jpg,76,12,82,16,6,4,-,11
C_155,../../01.Datasets/processed/images_train/fechas/C_155.jpg,86,10,94,17,8,7,2,3
C_155,../../01.Datasets/processed/images_train/fechas/C_155.jpg,96,11,102,16,6,5,0,1
C_155,../../01.Datasets/processed/images_train/fechas/C_155.jpg,106,10,114,17,8,7,2,3
C_155,../../01.Datasets/processed/images_train/fechas/C_155.jpg,117,11,120,17,3,6,1,2
C_155,../../01.Datasets/processed/images_train/fechas/C_155.jpg,26,10,120,19,94,9,date,12
C_157,../../01.Datasets/processed/images_train/fechas/C_157.jpg,27,10,34,17,7,7,2,3
C_157,../../01.Datasets/processed/images_train/fechas/C_157.jpg,37,10,41,18,4,8,1,2
C_157,../../01.Datasets/processed/images_train/fechas/C_157.jpg,46,11,55,15,9,4,-,11
C_157,../../01.Datasets/processed/images_train/fechas/C_157.jpg,58,10,66,18,8,8,0,1
C_157,../../01.Datasets/processed/images_train/fechas/C_157.jpg,69,10,77,17,8,7,4,5
C_157,../../01.Datasets/processed/images_train/fechas/C_157.jpg,81,11,89,15,8,4,-,11
C_157,../../01.Datasets/processed/images_train/fechas/C_157.jpg,96,9,102,16,6,7,2,3
C_157,../../01.Datasets/processed/images_train/fechas/C_157.jpg,103,10,112,17,9,7,0,1
C_157,../../01.Datasets/processed/images_train/fechas/C_157.jpg,114,10,119,17,5,7,2,3
C_157,../../01.Datasets/processed/images_train/fechas/C_157.jpg,120,9,124,17,4,8,1,2
C_157,../../01.Datasets/processed/images_train/fechas/C_157.jpg,26,9,126,19,100,10,date,12
C_158,../../01.Datasets/processed/images_train/fechas/C_158.jpg,26,10,35,18,9,8,3,4
C_158,../../01.Datasets/processed/images_train/fechas/C_158.jpg,37,10,48,18,11,8,0,1
C_158,../../01.Datasets/processed/images_train/fechas/C_158.jpg,51,13,57,17,6,4,-,11
C_158,../../01.Datasets/processed/images_train/fechas/C_158.jpg,59,10,70,19,11,9,0,1
C_158,../../01.Datasets/processed/images_train/fechas/C_158.jpg,72,10,80,19,8,9,7,8
C_158,../../01.Datasets/processed/images_train/fechas/C_158.jpg,83,13,91,15,8,2,-,11
C_158,../../01.Datasets/processed/images_train/fechas/C_158.jpg,95,10,102,18,7,8,2,3
C_158,../../01.Datasets/processed/images_train/fechas/C_158.jpg,104,11,116,17,12,6,0,1
C_158,../../01.Datasets/processed/images_train/fechas/C_158.jpg,117,10,126,18,9,8,2,3
C_158,../../01.Datasets/processed/images_train/fechas/C_158.jpg,128,10,132,18,4,8,1,2
C_158,../../01.Datasets/processed/images_train/fechas/C_158.jpg,26,10,133,20,107,10,date,12
C_161,../../01.Datasets/processed/images_train/fechas/C_161.jpg,28,1,39,10,11,9,2,3
C_161,../../01.Datasets/processed/images_train/fechas/C_161.jpg,38,1,52,9,14,8,2,3
C_161,../../01.Datasets/processed/images_train/fechas/C_161.jpg,56,0,62,11,6,11,-,11
C_161,../../01.Datasets/processed/images_train/fechas/C_161.jpg,68,1,78,10,10,9,0,1
C_161,../../01.Datasets/processed/images_train/fechas/C_161.jpg,79,1,89,10,10,9,3,4
C_161,../../01.Datasets/processed/images_train/fechas/C_161.jpg,93,1,99,9,6,8,-,11
C_161,../../01.Datasets/processed/images_train/fechas/C_161.jpg,106,0,114,8,8,8,2,3
C_161,../../01.Datasets/processed/images_train/fechas/C_161.jpg,116,0,128,8,12,8,0,1
C_161,../../01.Datasets/processed/images_train/fechas/C_161.jpg,130,1,141,9,11,8,2,3
C_161,../../01.Datasets/processed/images_train/fechas/C_161.jpg,143,1,150,9,7,8,1,2
C_161,../../01.Datasets/processed/images_train/fechas/C_161.jpg,28,0,151,11,123,11,date,12
C_163,../../01.Datasets/processed/images_train/fechas/C_163.jpg,28,9,39,18,11,9,0,1
C_163,../../01.Datasets/processed/images_train/fechas/C_163.jpg,42,8,53,18,11,10,5,6
C_163,../../01.Datasets/processed/images_train/fechas/C_163.jpg,56,9,62,17,6,8,-,11
C_163,../../01.Datasets/processed/images_train/fechas/C_163.jpg,65,7,76,16,11,9,0,1
C_163,../../01.Datasets/processed/images_train/fechas/C_163.jpg,93,9,99,19,6,10,-,11
C_163,../../01.Datasets/processed/images_train/fechas/C_163.jpg,102,9,108,19,6,10,2,3
C_163,../../01.Datasets/processed/images_train/fechas/C_163.jpg,110,10,122,18,12,8,0,1
C_163,../../01.Datasets/processed/images_train/fechas/C_163.jpg,123,10,131,18,8,8,2,3
C_163,../../01.Datasets/processed/images_train/fechas/C_163.jpg,133,9,139,20,6,11,1,2
C_163,../../01.Datasets/processed/images_train/fechas/C_163.jpg,28,7,142,21,114,14,date,12
C_163,../../01.Datasets/processed/images_train/fechas/C_163.jpg,77,9,91,19,14,10,8,9
C_164,../../01.Datasets/processed/images_train/fechas/C_164.jpg,29,10,39,17,10,7,0,1
C_164,../../01.Datasets/processed/images_train/fechas/C_164.jpg,42,9,53,17,11,8,5,6
C_164,../../01.Datasets/processed/images_train/fechas/C_164.jpg,56,9,61,17,5,8,-,11
C_164,../../01.Datasets/processed/images_train/fechas/C_164.jpg,65,9,76,16,11,7,0,1
C_164,../../01.Datasets/processed/images_train/fechas/C_164.jpg,78,8,92,17,14,9,8,9
C_164,../../01.Datasets/processed/images_train/fechas/C_164.jpg,93,10,99,17,6,7,-,11
C_164,../../01.Datasets/processed/images_train/fechas/C_164.jpg,101,10,109,17,8,7,2,3
C_164,../../01.Datasets/processed/images_train/fechas/C_164.jpg,110,9,123,18,13,9,0,1
C_164,../../01.Datasets/processed/images_train/fechas/C_164.jpg,123,10,132,19,9,9,2,3
C_164,../../01.Datasets/processed/images_train/fechas/C_164.jpg,134,9,142,18,8,9,1,2
C_164,../../01.Datasets/processed/images_train/fechas/C_164.jpg,28,8,142,20,114,12,date,12
C_169,../../01.Datasets/processed/images_train/fechas/C_169.jpg,42,9,52,19,10,10,0,1
C_169,../../01.Datasets/processed/images_train/fechas/C_169.jpg,53,11,59,20,6,9,4,5
C_169,../../01.Datasets/processed/images_train/fechas/C_169.jpg,62,13,68,17,6,4,-,11
C_169,../../01.Datasets/processed/images_train/fechas/C_169.jpg,74,8,85,19,11,11,0,1
C_169,../../01.Datasets/processed/images_train/fechas/C_169.jpg,86,9,96,18,10,9,7,8
C_169,../../01.Datasets/processed/images_train/fechas/C_169.jpg,101,10,107,13,6,3,-,11
C_169,../../01.Datasets/processed/images_train/fechas/C_169.jpg,111,7,120,16,9,9,2,3
C_169,../../01.Datasets/processed/images_train/fechas/C_169.jpg,120,8,128,19,8,11,0,1
C_169,../../01.Datasets/processed/images_train/fechas/C_169.jpg,128,10,136,18,8,8,2,3
C_169,../../01.Datasets/processed/images_train/fechas/C_169.jpg,140,8,148,18,8,10,1,2
C_169,../../01.Datasets/processed/images_train/fechas/C_169.jpg,40,7,151,21,111,14,date,12
C_17,../../01.Datasets/processed/images_train/fechas/C_17.jpg,43,10,126,20,83,10,date,12
C_17,../../01.Datasets/processed/images_train/fechas/C_17.jpg,43,10,53,20,10,10,1,2
C_17,../../01.Datasets/processed/images_train/fechas/C_17.jpg,52,10,60,20,8,10,7,8
C_17,../../01.Datasets/processed/images_train/fechas/C_17.jpg,62,12,68,17,6,5,-,11
C_17,../../01.Datasets/processed/images_train/fechas/C_17.jpg,68,10,79,20,11,10,0,1
C_17,../../01.Datasets/processed/images_train/fechas/C_17.jpg,78,10,86,20,8,10,5,6
C_17,../../01.Datasets/processed/images_train/fechas/C_17.jpg,87,12,93,17,6,5,-,11
C_17,../../01.Datasets/processed/images_train/fechas/C_17.jpg,94,10,103,20,9,10,2,3
C_17,../../01.Datasets/processed/images_train/fechas/C_17.jpg,103,10,111,20,8,10,0,1
C_17,../../01.Datasets/processed/images_train/fechas/C_17.jpg,110,10,117,20,7,10,2,3
C_17,../../01.Datasets/processed/images_train/fechas/C_17.jpg,117,10,126,21,9,11,1,2
C_171,../../01.Datasets/processed/images_train/fechas/C_171.jpg,23,10,32,19,9,9,2,3
C_171,../../01.Datasets/processed/images_train/fechas/C_171.jpg,35,9,44,19,9,10,7,8
C_171,../../01.Datasets/processed/images_train/fechas/C_171.jpg,52,11,59,15,7,4,-,11
C_171,../../01.Datasets/processed/images_train/fechas/C_171.jpg,60,9,69,19,9,10,0,1
C_171,../../01.Datasets/processed/images_train/fechas/C_171.jpg,69,10,78,18,9,8,7,8
C_171,../../01.Datasets/processed/images_train/fechas/C_171.jpg,83,11,91,16,8,5,-,11
C_171,../../01.Datasets/processed/images_train/fechas/C_171.jpg,95,9,102,18,7,9,2,3
C_171,../../01.Datasets/processed/images_train/fechas/C_171.jpg,105,10,114,18,9,8,0,1
C_171,../../01.Datasets/processed/images_train/fechas/C_171.jpg,114,9,123,17,9,8,2,3
C_171,../../01.Datasets/processed/images_train/fechas/C_171.jpg,126,8,134,18,8,10,1,2
C_171,../../01.Datasets/processed/images_train/fechas/C_171.jpg,22,7,135,19,113,12,date,12
C_173,../../01.Datasets/processed/images_train/fechas/C_173.jpg,30,10,38,19,8,9,2,3
C_173,../../01.Datasets/processed/images_train/fechas/C_173.jpg,41,10,49,19,8,9,2,3
C_173,../../01.Datasets/processed/images_train/fechas/C_173.jpg,53,13,59,17,6,4,-,11
C_173,../../01.Datasets/processed/images_train/fechas/C_173.jpg,65,10,75,20,10,10,0,1
C_173,../../01.Datasets/processed/images_train/fechas/C_173.jpg,77,10,86,19,9,9,7,8
C_173,../../01.Datasets/processed/images_train/fechas/C_173.jpg,90,12,96,15,6,3,-,11
C_173,../../01.Datasets/processed/images_train/fechas/C_173.jpg,102,10,107,17,5,7,2,3
C_173,../../01.Datasets/processed/images_train/fechas/C_173.jpg,110,10,116,19,6,9,0,1
C_173,../../01.Datasets/processed/images_train/fechas/C_173.jpg,117,10,126,18,9,8,2,3
C_173,../../01.Datasets/processed/images_train/fechas/C_173.jpg,130,9,137,19,7,10,1,2
C_173,../../01.Datasets/processed/images_train/fechas/C_173.jpg,30,9,138,20,108,11,date,12
C_185,../../01.Datasets/processed/images_train/fechas/C_185.jpg,31,9,36,15,5,6,0,1
C_185,../../01.Datasets/processed/images_train/fechas/C_185.jpg,38,9,46,16,8,7,2,3
C_185,../../01.Datasets/processed/images_train/fechas/C_185.jpg,45,10,52,15,7,5,-,11
C_185,../../01.Datasets/processed/images_train/fechas/C_185.jpg,55,7,63,16,8,9,2,3
C_185,../../01.Datasets/processed/images_train/fechas/C_185.jpg,63,7,72,16,9,9,8,9
C_185,../../01.Datasets/processed/images_train/fechas/C_185.jpg,76,9,82,15,6,6,-,11
C_185,../../01.Datasets/processed/images_train/fechas/C_185.jpg,85,7,94,16,9,9,2,3
C_185,../../01.Datasets/processed/images_train/fechas/C_185.jpg,94,7,102,16,8,9,0,1
C_185,../../01.Datasets/processed/images_train/fechas/C_185.jpg,102,9,108,16,6,7,2,3
C_185,../../01.Datasets/processed/images_train/fechas/C_185.jpg,111,7,114,16,3,9,1,2
C_185,../../01.Datasets/processed/images_train/fechas/C_185.jpg,30,6,116,17,86,11,date,12
C_187,../../01.Datasets/processed/images_train/fechas/C_187.jpg,32,10,40,18,8,8,2,3
C_187,../../01.Datasets/processed/images_train/fechas/C_187.jpg,38,10,46,19,8,9,2,3
C_187,../../01.Datasets/processed/images_train/fechas/C_187.jpg,48,12,53,16,5,4,-,11
C_187,../../01.Datasets/processed/images_train/fechas/C_187.jpg,55,10,63,18,8,8,0,1
C_187,../../01.Datasets/processed/images_train/fechas/C_187.jpg,64,10,72,18,8,8,2,3
C_187,../../01.Datasets/processed/images_train/fechas/C_187.jpg,74,13,82,17,8,4,-,11
C_187,../../01.Datasets/processed/images_train/fechas/C_187.jpg,86,10,93,18,7,8,2,3
C_187,../../01.Datasets/processed/images_train/fechas/C_187.jpg,93,11,99,17,6,6,0,1
C_187,../../01.Datasets/processed/images_train/fechas/C_187.jpg,101,10,107,18,6,8,2,3
C_187,../../01.Datasets/processed/images_train/fechas/C_187.jpg,108,12,113,18,5,6,1,2
C_187,../../01.Datasets/processed/images_train/fechas/C_187.jpg,32,10,114,20,82,10,date,12
C_188,../../01.Datasets/processed/images_train/fechas/C_188.jpg,28,9,34,17,6,8,2,3
C_188,../../01.Datasets/processed/images_train/fechas/C_188.jpg,36,10,42,17,6,7,3,4
C_188,../../01.Datasets/processed/images_train/fechas/C_188.jpg,45,12,51,16,6,4,-,11
C_188,../../01.Datasets/processed/images_train/fechas/C_188.jpg,52,10,60,16,8,6,0,1
C_188,../../01.Datasets/processed/images_train/fechas/C_188.jpg,60,10,68,17,8,7,3,4
C_188,../../01.Datasets/processed/images_train/fechas/C_188.jpg,68,12,73,16,5,4,-,11
C_188,../../01.Datasets/processed/images_train/fechas/C_188.jpg,79,10,85,17,6,7,2,3
C_188,../../01.Datasets/processed/images_train/fechas/C_188.jpg,86,11,93,17,7,6,0,1
C_188,../../01.Datasets/processed/images_train/fechas/C_188.jpg,95,10,101,18,6,8,2,3
C_188,../../01.Datasets/processed/images_train/fechas/C_188.jpg,102,10,108,18,6,8,1,2
C_188,../../01.Datasets/processed/images_train/fechas/C_188.jpg,26,9,109,19,83,10,date,12
C_189,../../01.Datasets/processed/images_train/fechas/C_189.jpg,21,10,29,18,8,8,0,1
C_189,../../01.Datasets/processed/images_train/fechas/C_189.jpg,31,10,36,19,5,9,1,2
C_189,../../01.Datasets/processed/images_train/fechas/C_189.jpg,39,10,45,18,6,8,-,11
C_189,../../01.Datasets/processed/images_train/fechas/C_189.jpg,47,10,53,18,6,8,0,1
C_189,../../01.Datasets/processed/images_train/fechas/C_189.jpg,54,10,60,19,6,9,3,4
C_189,../../01.Datasets/processed/images_train/fechas/C_189.jpg,63,10,68,19,5,9,-,11
C_189,../../01.Datasets/processed/images_train/fechas/C_189.jpg,70,9,78,18,8,9,2,3
C_189,../../01.Datasets/processed/images_train/fechas/C_189.jpg,79,10,86,15,7,5,0,1
C_189,../../01.Datasets/processed/images_train/fechas/C_189.jpg,87,10,93,17,6,7,2,3
C_189,../../01.Datasets/processed/images_train/fechas/C_189.jpg,94,10,99,18,5,8,1,2
C_189,../../01.Datasets/processed/images_train/fechas/C_189.jpg,19,9,100,20,81,11,date,12
C_19,../../01.Datasets/processed/images_train/fechas/C_19.jpg,42,9,121,19,79,10,date,12
C_19,../../01.Datasets/processed/images_train/fechas/C_19.jpg,41,8,50,18,9,10,0,1
C_19,../../01.Datasets/processed/images_train/fechas/C_19.jpg,50,9,58,18,8,9,5,6
C_19,../../01.Datasets/processed/images_train/fechas/C_19.jpg,59,11,65,15,6,4,-,11
C_19,../../01.Datasets/processed/images_train/fechas/C_19.jpg,65,9,74,18,9,9,0,1
C_19,../../01.Datasets/processed/images_train/fechas/C_19.jpg,74,9,83,19,9,10,3,4
C_19,../../01.Datasets/processed/images_train/fechas/C_19.jpg,84,11,90,15,6,4,-,11
C_19,../../01.Datasets/processed/images_train/fechas/C_19.jpg,92,9,100,18,8,9,2,3
C_19,../../01.Datasets/processed/images_train/fechas/C_19.jpg,100,9,108,19,8,10,0,1
C_19,../../01.Datasets/processed/images_train/fechas/C_19.jpg,107,9,114,19,7,10,2,3
C_19,../../01.Datasets/processed/images_train/fechas/C_19.jpg,115,9,121,19,6,10,1,2
C_190,../../01.Datasets/processed/images_train/fechas/C_190.jpg,30,10,36,19,6,9,1,2
C_190,../../01.Datasets/processed/images_train/fechas/C_190.jpg,36,10,43,18,7,8,2,3
C_190,../../01.Datasets/processed/images_train/fechas/C_190.jpg,44,11,51,17,7,6,-,11
C_190,../../01.Datasets/processed/images_train/fechas/C_190.jpg,51,10,62,19,11,9,0,1
C_190,../../01.Datasets/processed/images_train/fechas/C_190.jpg,61,10,68,18,7,8,5,6
C_190,../../01.Datasets/processed/images_train/fechas/C_190.jpg,69,11,77,15,8,4,-,11
C_190,../../01.Datasets/processed/images_train/fechas/C_190.jpg,79,9,85,19,6,10,2,3
C_190,../../01.Datasets/processed/images_train/fechas/C_190.jpg,84,10,92,19,8,9,0,1
C_190,../../01.Datasets/processed/images_train/fechas/C_190.jpg,92,10,99,19,7,9,2,3
C_190,../../01.Datasets/processed/images_train/fechas/C_190.jpg,99,10,105,19,6,9,1,2
C_190,../../01.Datasets/processed/images_train/fechas/C_190.jpg,28,9,107,21,79,12,date,12
C_191,../../01.Datasets/processed/images_train/fechas/C_191.jpg,32,7,40,13,8,6,0,1
C_191,../../01.Datasets/processed/images_train/fechas/C_191.jpg,41,6,49,13,8,7,3,4
C_191,../../01.Datasets/processed/images_train/fechas/C_191.jpg,49,7,58,12,9,5,-,11
C_191,../../01.Datasets/processed/images_train/fechas/C_191.jpg,59,7,64,13,5,6,1,2
C_191,../../01.Datasets/processed/images_train/fechas/C_191.jpg,64,7,70,13,6,6,5,6
C_191,../../01.Datasets/processed/images_train/fechas/C_191.jpg,71,7,80,12,9,5,-,11
C_191,../../01.Datasets/processed/images_train/fechas/C_191.jpg,82,6,88,14,6,8,2,3
C_191,../../01.Datasets/processed/images_train/fechas/C_191.jpg,90,7,96,15,6,8,0,1
C_191,../../01.Datasets/processed/images_train/fechas/C_191.jpg,96,7,102,15,6,8,2,3
C_191,../../01.Datasets/processed/images_train/fechas/C_191.jpg,102,6,108,14,6,8,1,2
C_191,../../01.Datasets/processed/images_train/fechas/C_191.jpg,31,6,110,16,79,10,date,12
C_192,../../01.Datasets/processed/images_train/fechas/C_192.jpg,22,9,34,17,12,8,0,1
C_192,../../01.Datasets/processed/images_train/fechas/C_192.jpg,34,10,40,17,6,7,3,4
C_192,../../01.Datasets/processed/images_train/fechas/C_192.jpg,41,11,49,16,8,5,-,11
C_192,../../01.Datasets/processed/images_train/fechas/C_192.jpg,49,10,59,17,10,7,0,1
C_192,../../01.Datasets/processed/images_train/fechas/C_192.jpg,58,10,67,18,9,8,7,8
C_192,../../01.Datasets/processed/images_train/fechas/C_192.jpg,67,11,75,16,8,5,-,11
C_192,../../01.Datasets/processed/images_train/fechas/C_192.jpg,76,10,83,19,7,9,2,3
C_192,../../01.Datasets/processed/images_train/fechas/C_192.jpg,84,10,90,18,6,8,0,1
C_192,../../01.Datasets/processed/images_train/fechas/C_192.jpg,89,10,96,18,7,8,2,3
C_192,../../01.Datasets/processed/images_train/fechas/C_192.jpg,98,10,104,19,6,9,1,2
C_192,../../01.Datasets/processed/images_train/fechas/C_192.jpg,20,9,104,20,84,11,date,12
C_193,../../01.Datasets/processed/images_train/fechas/C_193.jpg,26,9,36,17,10,8,0,1
C_193,../../01.Datasets/processed/images_train/fechas/C_193.jpg,37,9,46,17,9,8,4,5
C_193,../../01.Datasets/processed/images_train/fechas/C_193.jpg,45,10,51,15,6,5,-,11
C_193,../../01.Datasets/processed/images_train/fechas/C_193.jpg,52,10,60,17,8,7,0,1
C_193,../../01.Datasets/processed/images_train/fechas/C_193.jpg,59,10,70,17,11,7,5,6
C_193,../../01.Datasets/processed/images_train/fechas/C_193.jpg,70,12,76,16,6,4,-,11
C_193,../../01.Datasets/processed/images_train/fechas/C_193.jpg,79,10,85,17,6,7,2,3
C_193,../../01.Datasets/processed/images_train/fechas/C_193.jpg,84,10,92,17,8,7,0,1
C_193,../../01.Datasets/processed/images_train/fechas/C_193.jpg,93,10,99,17,6,7,2,3
C_193,../../01.Datasets/processed/images_train/fechas/C_193.jpg,99,10,104,17,5,7,1,2
C_193,../../01.Datasets/processed/images_train/fechas/C_193.jpg,25,8,105,19,80,11,date,12
C_197,../../01.Datasets/processed/images_train/fechas/C_197.jpg,41,10,47,18,6,8,1,2
C_197,../../01.Datasets/processed/images_train/fechas/C_197.jpg,46,10,54,19,8,9,4,5
C_197,../../01.Datasets/processed/images_train/fechas/C_197.jpg,56,13,62,18,6,5,-,11
C_197,../../01.Datasets/processed/images_train/fechas/C_197.jpg,64,11,76,20,12,9,0,1
C_197,../../01.Datasets/processed/images_train/fechas/C_197.jpg,76,12,82,19,6,7,1,2
C_197,../../01.Datasets/processed/images_train/fechas/C_197.jpg,84,13,92,17,8,4,-,11
C_197,../../01.Datasets/processed/images_train/fechas/C_197.jpg,94,11,103,20,9,9,2,3
C_197,../../01.Datasets/processed/images_train/fechas/C_197.jpg,100,11,114,20,14,9,0,1
C_197,../../01.Datasets/processed/images_train/fechas/C_197.jpg,114,12,122,19,8,7,2,3
C_197,../../01.Datasets/processed/images_train/fechas/C_197.jpg,123,13,126,20,3,7,1,2
C_197,../../01.Datasets/processed/images_train/fechas/C_197.jpg,40,10,128,21,88,11,date,12
C_198,../../01.Datasets/processed/images_train/fechas/C_198.jpg,35,9,43,17,8,8,0,1
C_198,../../01.Datasets/processed/images_train/fechas/C_198.jpg,45,8,50,17,5,9,1,2
C_198,../../01.Datasets/processed/images_train/fechas/C_198.jpg,52,11,59,15,7,4,-,11
C_198,../../01.Datasets/processed/images_train/fechas/C_198.jpg,61,10,73,16,12,6,0,1
C_198,../../01.Datasets/processed/images_train/fechas/C_198.jpg,73,10,78,17,5,7,1,2
C_198,../../01.Datasets/processed/images_train/fechas/C_198.jpg,81,10,89,15,8,5,-,11
C_198,../../01.Datasets/processed/images_train/fechas/C_198.jpg,93,9,99,18,6,9,2,3
C_198,../../01.Datasets/processed/images_train/fechas/C_198.jpg,102,10,111,16,9,6,0,1
C_198,../../01.Datasets/processed/images_train/fechas/C_198.jpg,111,9,119,16,8,7,2,3
C_198,../../01.Datasets/processed/images_train/fechas/C_198.jpg,118,9,125,17,7,8,1,2
C_198,../../01.Datasets/processed/images_train/fechas/C_198.jpg,35,8,127,18,92,10,date,12
C_199,../../01.Datasets/processed/images_train/fechas/C_199.jpg,41,10,49,19,8,9,2,3
C_199,../../01.Datasets/processed/images_train/fechas/C_199.jpg,48,12,59,19,11,7,0,1
C_199,../../01.Datasets/processed/images_train/fechas/C_199.jpg,61,12,70,17,9,5,-,11
C_199,../../01.Datasets/processed/images_train/fechas/C_199.jpg,73,10,85,18,12,8,0,1
C_199,../../01.Datasets/processed/images_train/fechas/C_199.jpg,85,10,96,19,11,9,3,4
C_199,../../01.Datasets/processed/images_train/fechas/C_199.jpg,99,13,110,18,11,5,-,11
C_199,../../01.Datasets/processed/images_train/fechas/C_199.jpg,111,10,121,19,10,9,2,3
C_199,../../01.Datasets/processed/images_train/fechas/C_199.jpg,122,10,131,19,9,9,0,1
C_199,../../01.Datasets/processed/images_train/fechas/C_199.jpg,130,10,141,19,11,9,2,3
C_199,../../01.Datasets/processed/images_train/fechas/C_199.jpg,139,10,145,19,6,9,1,2
C_199,../../01.Datasets/processed/images_train/fechas/C_199.jpg,41,10,146,21,105,11,date,12
C_20,../../01.Datasets/processed/images_train/fechas/C_20.jpg,41,8,133,20,92,12,date,12
C_20,../../01.Datasets/processed/images_train/fechas/C_20.jpg,40,9,51,19,11,10,2,3
C_20,../../01.Datasets/processed/images_train/fechas/C_20.jpg,51,9,62,19,11,10,8,9
C_20,../../01.Datasets/processed/images_train/fechas/C_20.jpg,61,13,67,18,6,5,-,11
C_20,../../01.Datasets/processed/images_train/fechas/C_20.jpg,68,8,79,19,11,11,0,1
C_20,../../01.Datasets/processed/images_train/fechas/C_20.jpg,79,8,89,20,10,12,3,4
C_20,../../01.Datasets/processed/images_train/fechas/C_20.jpg,89,10,98,16,9,6,-,11
C_20,../../01.Datasets/processed/images_train/fechas/C_20.jpg,99,8,108,20,9,12,2,3
C_20,../../01.Datasets/processed/images_train/fechas/C_20.jpg,108,8,117,20,9,12,0,1
C_20,../../01.Datasets/processed/images_train/fechas/C_20.jpg,117,8,125,20,8,12,2,3
C_20,../../01.Datasets/processed/images_train/fechas/C_20.jpg,125,8,133,20,8,12,1,2
C_201,../../01.Datasets/processed/images_train/fechas/C_201.jpg,31,9,36,18,5,9,1,2
C_201,../../01.Datasets/processed/images_train/fechas/C_201.jpg,37,10,48,18,11,8,0,1
C_201,../../01.Datasets/processed/images_train/fechas/C_201.jpg,46,11,56,16,10,5,-,11
C_201,../../01.Datasets/processed/images_train/fechas/C_201.jpg,56,9,67,17,11,8,0,1
C_201,../../01.Datasets/processed/images_train/fechas/C_201.jpg,66,8,75,17,9,9,6,7
C_201,../../01.Datasets/processed/images_train/fechas/C_201.jpg,75,12,84,16,9,4,-,11
C_201,../../01.Datasets/processed/images_train/fechas/C_201.jpg,86,10,94,18,8,8,2,3
C_201,../../01.Datasets/processed/images_train/fechas/C_201.jpg,94,10,103,18,9,8,0,1
C_201,../../01.Datasets/processed/images_train/fechas/C_201.jpg,103,10,110,18,7,8,2,3
C_201,../../01.Datasets/processed/images_train/fechas/C_201.jpg,111,10,114,19,3,9,1,2
C_201,../../01.Datasets/processed/images_train/fechas/C_201.jpg,30,8,116,20,86,12,date,12
C_202,../../01.Datasets/processed/images_train/fechas/C_202.jpg,41,10,49,17,8,7,2,3
C_202,../../01.Datasets/processed/images_train/fechas/C_202.jpg,49,10,58,18,9,8,0,1
C_202,../../01.Datasets/processed/images_train/fechas/C_202.jpg,60,12,68,16,8,4,-,11
C_202,../../01.Datasets/processed/images_train/fechas/C_202.jpg,68,10,79,19,11,9,0,1
C_202,../../01.Datasets/processed/images_train/fechas/C_202.jpg,78,10,87,19,9,9,7,8
C_202,../../01.Datasets/processed/images_train/fechas/C_202.jpg,89,11,97,16,8,5,-,11
C_202,../../01.Datasets/processed/images_train/fechas/C_202.jpg,99,10,105,18,6,8,2,3
C_202,../../01.Datasets/processed/images_train/fechas/C_202.jpg,108,10,116,18,8,8,0,1
C_202,../../01.Datasets/processed/images_train/fechas/C_202.jpg,115,11,123,17,8,6,2,3
C_202,../../01.Datasets/processed/images_train/fechas/C_202.jpg,124,10,131,18,7,8,1,2
C_202,../../01.Datasets/processed/images_train/fechas/C_202.jpg,41,9,133,20,92,11,date,12
C_203,../../01.Datasets/processed/images_train/fechas/C_203.jpg,37,10,46,19,9,9,0,1
C_203,../../01.Datasets/processed/images_train/fechas/C_203.jpg,47,10,53,18,6,8,2,3
C_203,../../01.Datasets/processed/images_train/fechas/C_203.jpg,56,11,63,15,7,4,-,11
C_203,../../01.Datasets/processed/images_train/fechas/C_203.jpg,65,10,74,18,9,8,0,1
C_203,../../01.Datasets/processed/images_train/fechas/C_203.jpg,74,10,82,19,8,9,5,6
C_203,../../01.Datasets/processed/images_train/fechas/C_203.jpg,83,11,93,16,10,5,-,11
C_203,../../01.Datasets/processed/images_train/fechas/C_203.jpg,94,10,103,18,9,8,2,3
C_203,../../01.Datasets/processed/images_train/fechas/C_203.jpg,103,10,111,18,8,8,0,1
C_203,../../01.Datasets/processed/images_train/fechas/C_203.jpg,113,9,120,17,7,8,2,3
C_203,../../01.Datasets/processed/images_train/fechas/C_203.jpg,121,10,127,17,6,7,1,2
C_203,../../01.Datasets/processed/images_train/fechas/C_203.jpg,36,9,127,20,91,11,date,12
C_206,../../01.Datasets/processed/images_train/fechas/C_206.jpg,30,10,36,19,6,9,0,1
C_206,../../01.Datasets/processed/images_train/fechas/C_206.jpg,38,10,47,18,9,8,7,8
C_206,../../01.Datasets/processed/images_train/fechas/C_206.jpg,49,10,58,18,9,8,-,11
C_206,../../01.Datasets/processed/images_train/fechas/C_206.jpg,58,10,66,18,8,8,0,1
C_206,../../01.Datasets/processed/images_train/fechas/C_206.jpg,66,10,75,18,9,8,4,5
C_206,../../01.Datasets/processed/images_train/fechas/C_206.jpg,76,9,82,19,6,10,-,11
C_206,../../01.Datasets/processed/images_train/fechas/C_206.jpg,84,10,90,18,6,8,2,3
C_206,../../01.Datasets/processed/images_train/fechas/C_206.jpg,90,10,101,18,11,8,0,1
C_206,../../01.Datasets/processed/images_train/fechas/C_206.jpg,100,9,109,18,9,9,2,3
C_206,../../01.Datasets/processed/images_train/fechas/C_206.jpg,110,10,116,18,6,8,1,2
C_206,../../01.Datasets/processed/images_train/fechas/C_206.jpg,31,9,116,20,85,11,date,12
C_207,../../01.Datasets/processed/images_train/fechas/C_207.jpg,32,10,41,17,9,7,0,1
C_207,../../01.Datasets/processed/images_train/fechas/C_207.jpg,43,10,47,17,4,7,1,2
C_207,../../01.Datasets/processed/images_train/fechas/C_207.jpg,48,12,53,16,5,4,-,11
C_207,../../01.Datasets/processed/images_train/fechas/C_207.jpg,55,9,63,17,8,8,0,1
C_207,../../01.Datasets/processed/images_train/fechas/C_207.jpg,64,10,72,18,8,8,4,5
C_207,../../01.Datasets/processed/images_train/fechas/C_207.jpg,75,10,82,15,7,5,-,11
C_207,../../01.Datasets/processed/images_train/fechas/C_207.jpg,82,10,87,17,5,7,2,3
C_207,../../01.Datasets/processed/images_train/fechas/C_207.jpg,87,9,98,16,11,7,0,1
C_207,../../01.Datasets/processed/images_train/fechas/C_207.jpg,97,10,106,16,9,6,2,3
C_207,../../01.Datasets/processed/images_train/fechas/C_207.jpg,107,9,113,16,6,7,1,2
C_207,../../01.Datasets/processed/images_train/fechas/C_207.jpg,32,9,114,19,82,10,date,12
C_208,../../01.Datasets/processed/images_train/fechas/C_208.jpg,38,10,46,17,8,7,0,1
C_208,../../01.Datasets/processed/images_train/fechas/C_208.jpg,45,10,51,17,6,7,9,10
C_208,../../01.Datasets/processed/images_train/fechas/C_208.jpg,53,11,61,15,8,4,-,11
C_208,../../01.Datasets/processed/images_train/fechas/C_208.jpg,65,11,74,16,9,5,0,1
C_208,../../01.Datasets/processed/images_train/fechas/C_208.jpg,73,10,84,17,11,7,3,4
C_208,../../01.Datasets/processed/images_train/fechas/C_208.jpg,83,11,93,15,10,4,-,11
C_208,../../01.Datasets/processed/images_train/fechas/C_208.jpg,94,7,103,16,9,9,2,3
C_208,../../01.Datasets/processed/images_train/fechas/C_208.jpg,103,9,111,16,8,7,0,1
C_208,../../01.Datasets/processed/images_train/fechas/C_208.jpg,110,9,121,16,11,7,2,3
C_208,../../01.Datasets/processed/images_train/fechas/C_208.jpg,121,9,127,16,6,7,1,2
C_208,../../01.Datasets/processed/images_train/fechas/C_208.jpg,36,9,127,18,91,9,date,12
C_209,../../01.Datasets/processed/images_train/fechas/C_209.jpg,32,9,40,17,8,8,2,3
C_209,../../01.Datasets/processed/images_train/fechas/C_209.jpg,39,10,49,17,10,7,0,1
C_209,../../01.Datasets/processed/images_train/fechas/C_209.jpg,47,11,55,15,8,4,-,11
C_209,../../01.Datasets/processed/images_train/fechas/C_209.jpg,56,9,67,17,11,8,0,1
C_209,../../01.Datasets/processed/images_train/fechas/C_209.jpg,66,10,75,17,9,7,4,5
C_209,../../01.Datasets/processed/images_train/fechas/C_209.jpg,77,10,85,13,8,3,-,11
C_209,../../01.Datasets/processed/images_train/fechas/C_209.jpg,86,9,93,16,7,7,2,3
C_209,../../01.Datasets/processed/images_train/fechas/C_209.jpg,92,10,100,16,8,6,0,1
C_209,../../01.Datasets/processed/images_train/fechas/C_209.jpg,102,9,108,15,6,6,2,3
C_209,../../01.Datasets/processed/images_train/fechas/C_209.jpg,110,8,116,15,6,7,1,2
C_209,../../01.Datasets/processed/images_train/fechas/C_209.jpg,31,8,116,18,85,10,date,12
C_21,../../01.Datasets/processed/images_train/fechas/C_21.jpg,36,9,115,20,79,11,date,12
C_21,../../01.Datasets/processed/images_train/fechas/C_21.jpg,36,10,47,19,11,9,0,1
C_21,../../01.Datasets/processed/images_train/fechas/C_21.jpg,45,10,56,20,11,10,3,4
C_21,../../01.Datasets/processed/images_train/fechas/C_21.jpg,56,12,62,17,6,5,-,11
C_21,../../01.Datasets/processed/images_train/fechas/C_21.jpg,62,9,69,20,7,11,0,1
C_21,../../01.Datasets/processed/images_train/fechas/C_21.jpg,70,9,76,20,6,11,4,5
C_21,../../01.Datasets/processed/images_train/fechas/C_21.jpg,76,12,83,16,7,4,-,11
C_21,../../01.Datasets/processed/images_train/fechas/C_21.jpg,83,9,92,20,9,11,2,3
C_21,../../01.Datasets/processed/images_train/fechas/C_21.jpg,92,9,100,20,8,11,0,1
C_21,../../01.Datasets/processed/images_train/fechas/C_21.jpg,101,10,107,21,6,11,2,3
C_21,../../01.Datasets/processed/images_train/fechas/C_21.jpg,106,9,114,20,8,11,1,2
C_211,../../01.Datasets/processed/images_train/fechas/C_211.jpg,43,9,52,17,9,8,2,3
C_211,../../01.Datasets/processed/images_train/fechas/C_211.jpg,52,10,61,16,9,6,9,10
C_211,../../01.Datasets/processed/images_train/fechas/C_211.jpg,61,10,69,15,8,5,-,11
C_211,../../01.Datasets/processed/images_train/fechas/C_211.jpg,70,9,82,16,12,7,0,1
C_211,../../01.Datasets/processed/images_train/fechas/C_211.jpg,82,9,88,17,6,8,4,5
C_211,../../01.Datasets/processed/images_train/fechas/C_211.jpg,92,10,99,15,7,5,-,11
C_211,../../01.Datasets/processed/images_train/fechas/C_211.jpg,102,10,111,16,9,6,2,3
C_211,../../01.Datasets/processed/images_train/fechas/C_211.jpg,109,9,118,16,9,7,0,1
C_211,../../01.Datasets/processed/images_train/fechas/C_211.jpg,119,10,125,16,6,6,2,3
C_211,../../01.Datasets/processed/images_train/fechas/C_211.jpg,127,10,133,17,6,7,1,2
C_211,../../01.Datasets/processed/images_train/fechas/C_211.jpg,42,9,133,18,91,9,date,12
C_212,../../01.Datasets/processed/images_train/fechas/C_212.jpg,42,9,46,16,4,7,1,2
C_212,../../01.Datasets/processed/images_train/fechas/C_212.jpg,49,10,58,17,9,7,2,3
C_212,../../01.Datasets/processed/images_train/fechas/C_212.jpg,59,10,66,15,7,5,-,11
C_212,../../01.Datasets/processed/images_train/fechas/C_212.jpg,69,9,77,17,8,8,0,1
C_212,../../01.Datasets/processed/images_train/fechas/C_212.jpg,77,10,86,18,9,8,5,6
C_212,../../01.Datasets/processed/images_train/fechas/C_212.jpg,88,10,99,15,11,5,-,11
C_212,../../01.Datasets/processed/images_train/fechas/C_212.jpg,100,10,109,17,9,7,2,3
C_212,../../01.Datasets/processed/images_train/fechas/C_212.jpg,111,10,120,18,9,8,0,1
C_212,../../01.Datasets/processed/images_train/fechas/C_212.jpg,122,10,131,17,9,7,2,3
C_212,../../01.Datasets/processed/images_train/fechas/C_212.jpg,133,10,139,18,6,8,1,2
C_212,../../01.Datasets/processed/images_train/fechas/C_212.jpg,41,9,140,19,99,10,date,12
C_213,../../01.Datasets/processed/images_train/fechas/C_213.jpg,32,10,41,19,9,9,2,3
C_213,../../01.Datasets/processed/images_train/fechas/C_213.jpg,42,10,53,17,11,7,6,7
C_213,../../01.Datasets/processed/images_train/fechas/C_213.jpg,53,11,61,15,8,4,-,11
C_213,../../01.Datasets/processed/images_train/fechas/C_213.jpg,63,10,72,17,9,7,0,1
C_213,../../01.Datasets/processed/images_train/fechas/C_213.jpg,72,10,80,17,8,7,2,3
C_213,../../01.Datasets/processed/images_train/fechas/C_213.jpg,83,12,92,16,9,4,-,11
C_213,../../01.Datasets/processed/images_train/fechas/C_213.jpg,92,10,100,16,8,6,2,3
C_213,../../01.Datasets/processed/images_train/fechas/C_213.jpg,100,10,109,17,9,7,0,1
C_213,../../01.Datasets/processed/images_train/fechas/C_213.jpg,110,10,120,16,10,6,2,3
C_213,../../01.Datasets/processed/images_train/fechas/C_213.jpg,120,9,124,15,4,6,1,2
C_213,../../01.Datasets/processed/images_train/fechas/C_213.jpg,32,9,126,19,94,10,date,12
C_214,../../01.Datasets/processed/images_train/fechas/C_214.jpg,45,10,56,17,11,7,0,1
C_214,../../01.Datasets/processed/images_train/fechas/C_214.jpg,56,10,62,17,6,7,7,8
C_214,../../01.Datasets/processed/images_train/fechas/C_214.jpg,65,13,71,17,6,4,-,11
C_214,../../01.Datasets/processed/images_train/fechas/C_214.jpg,73,12,85,18,12,6,0,1
C_214,../../01.Datasets/processed/images_train/fechas/C_214.jpg,85,12,94,18,9,6,6,7
C_214,../../01.Datasets/processed/images_train/fechas/C_214.jpg,95,12,102,17,7,5,-,11
C_214,../../01.Datasets/processed/images_train/fechas/C_214.jpg,103,12,111,18,8,6,2,3
C_214,../../01.Datasets/processed/images_train/fechas/C_214.jpg,111,12,120,18,9,6,0,1
C_214,../../01.Datasets/processed/images_train/fechas/C_214.jpg,120,11,127,17,7,6,2,3
C_214,../../01.Datasets/processed/images_train/fechas/C_214.jpg,127,11,133,17,6,6,1,2
C_214,../../01.Datasets/processed/images_train/fechas/C_214.jpg,44,10,132,19,88,9,date,12
C_215,../../01.Datasets/processed/images_train/fechas/C_215.jpg,47,10,55,18,8,8,0,1
C_215,../../01.Datasets/processed/images_train/fechas/C_215.jpg,55,10,63,18,8,8,4,5
C_215,../../01.Datasets/processed/images_train/fechas/C_215.jpg,63,11,72,16,9,5,-,11
C_215,../../01.Datasets/processed/images_train/fechas/C_215.jpg,75,10,83,18,8,8,4,5
C_215,../../01.Datasets/processed/images_train/fechas/C_215.jpg,86,12,93,16,7,4,-,11
C_215,../../01.Datasets/processed/images_train/fechas/C_215.jpg,95,10,104,18,9,8,2,3
C_215,../../01.Datasets/processed/images_train/fechas/C_215.jpg,105,11,116,17,11,6,0,1
C_215,../../01.Datasets/processed/images_train/fechas/C_215.jpg,115,11,123,16,8,5,2,3
C_215,../../01.Datasets/processed/images_train/fechas/C_215.jpg,124,11,129,17,5,6,1,2
C_215,../../01.Datasets/processed/images_train/fechas/C_215.jpg,46,9,129,19,83,10,date,12
C_216,../../01.Datasets/processed/images_train/fechas/C_216.jpg,32,11,39,20,7,9,2,3
C_216,../../01.Datasets/processed/images_train/fechas/C_216.jpg,39,11,51,20,12,9,6,7
C_216,../../01.Datasets/processed/images_train/fechas/C_216.jpg,53,13,61,17,8,4,-,11
C_216,../../01.Datasets/processed/images_train/fechas/C_216.jpg,62,12,73,19,11,7,0,1
C_216,../../01.Datasets/processed/images_train/fechas/C_216.jpg,72,12,80,19,8,7,4,5
C_216,../../01.Datasets/processed/images_train/fechas/C_216.jpg,79,12,89,17,10,5,-,11
C_216,../../01.Datasets/processed/images_train/fechas/C_216.jpg,89,12,98,19,9,7,2,3
C_216,../../01.Datasets/processed/images_train/fechas/C_216.jpg,100,13,108,19,8,6,0,1
C_216,../../01.Datasets/processed/images_train/fechas/C_216.jpg,108,13,116,19,8,6,2,3
C_216,../../01.Datasets/processed/images_train/fechas/C_216.jpg,118,12,123,19,5,7,1,2
C_216,../../01.Datasets/processed/images_train/fechas/C_216.jpg,30,10,123,21,93,11,date,12
C_217,../../01.Datasets/processed/images_train/fechas/C_217.jpg,36,10,42,18,6,8,1,2
C_217,../../01.Datasets/processed/images_train/fechas/C_217.jpg,43,10,48,18,5,8,1,2
C_217,../../01.Datasets/processed/images_train/fechas/C_217.jpg,51,12,61,15,10,3,-,11
C_217,../../01.Datasets/processed/images_train/fechas/C_217.jpg,63,10,73,18,10,8,0,1
C_217,../../01.Datasets/processed/images_train/fechas/C_217.jpg,74,10,79,18,5,8,1,2
C_217,../../01.Datasets/processed/images_train/fechas/C_217.jpg,82,10,88,13,6,3,-,11
C_217,../../01.Datasets/processed/images_train/fechas/C_217.jpg,92,10,100,17,8,7,2,3
C_217,../../01.Datasets/processed/images_train/fechas/C_217.jpg,102,9,114,15,12,6,0,1
C_217,../../01.Datasets/processed/images_train/fechas/C_217.jpg,116,9,122,15,6,6,2,3
C_217,../../01.Datasets/processed/images_train/fechas/C_217.jpg,126,9,129,16,3,7,1,2
C_217,../../01.Datasets/processed/images_train/fechas/C_217.jpg,35,9,130,19,95,10,date,12
C_218,../../01.Datasets/processed/images_train/fechas/C_218.jpg,39,10,49,18,10,8,2,3
C_218,../../01.Datasets/processed/images_train/fechas/C_218.jpg,50,10,56,19,6,9,9,10
C_218,../../01.Datasets/processed/images_train/fechas/C_218.jpg,57,12,65,18,8,6,-,11
C_218,../../01.Datasets/processed/images_train/fechas/C_218.jpg,68,10,79,18,11,8,0,1
C_218,../../01.Datasets/processed/images_train/fechas/C_218.jpg,78,12,85,18,7,6,1,2
C_218,../../01.Datasets/processed/images_train/fechas/C_218.jpg,86,13,94,18,8,5,-,11
C_218,../../01.Datasets/processed/images_train/fechas/C_218.jpg,97,10,106,17,9,7,2,3
C_218,../../01.Datasets/processed/images_train/fechas/C_218.jpg,107,10,117,17,10,7,0,1
C_218,../../01.Datasets/processed/images_train/fechas/C_218.jpg,116,9,125,17,9,8,2,3
C_218,../../01.Datasets/processed/images_train/fechas/C_218.jpg,125,9,130,17,5,8,1,2
C_218,../../01.Datasets/processed/images_train/fechas/C_218.jpg,38,9,131,20,93,11,date,12
C_219,../../01.Datasets/processed/images_train/fechas/C_219.jpg,22,9,34,18,12,9,0,1
C_219,../../01.Datasets/processed/images_train/fechas/C_219.jpg,34,10,43,18,9,8,6,7
C_219,../../01.Datasets/processed/images_train/fechas/C_219.jpg,44,12,52,15,8,3,-,11
C_219,../../01.Datasets/processed/images_train/fechas/C_219.jpg,55,11,67,17,12,6,0,1
C_219,../../01.Datasets/processed/images_train/fechas/C_219.jpg,66,10,74,17,8,7,5,6
C_219,../../01.Datasets/processed/images_train/fechas/C_219.jpg,75,10,84,16,9,6,-,11
C_219,../../01.Datasets/processed/images_train/fechas/C_219.jpg,86,10,93,17,7,7,2,3
C_219,../../01.Datasets/processed/images_train/fechas/C_219.jpg,95,10,102,18,7,8,0,1
C_219,../../01.Datasets/processed/images_train/fechas/C_219.jpg,103,10,112,17,9,7,2,3
C_219,../../01.Datasets/processed/images_train/fechas/C_219.jpg,113,11,119,17,6,6,1,2
C_219,../../01.Datasets/processed/images_train/fechas/C_219.jpg,22,9,119,19,97,10,date,12
C_22,../../01.Datasets/processed/images_train/fechas/C_22.jpg,44,10,96,19,52,9,date,12
C_22,../../01.Datasets/processed/images_train/fechas/C_22.jpg,43,10,52,19,9,9,6,7
C_22,../../01.Datasets/processed/images_train/fechas/C_22.jpg,52,10,60,20,8,10,-,11
C_22,../../01.Datasets/processed/images_train/fechas/C_22.jpg,61,10,68,19,7,9,0,1
C_22,../../01.Datasets/processed/images_train/fechas/C_22.jpg,68,10,74,19,6,9,6,7
C_22,../../01.Datasets/processed/images_train/fechas/C_22.jpg,75,10,81,19,6,9,-,11
C_22,../../01.Datasets/processed/images_train/fechas/C_22.jpg,81,10,87,20,6,10,2,3
C_22,../../01.Datasets/processed/images_train/fechas/C_22.jpg,87,10,95,20,8,10,1,2
C_220,../../01.Datasets/processed/images_train/fechas/C_220.jpg,40,10,51,19,11,9,0,1
C_220,../../01.Datasets/processed/images_train/fechas/C_220.jpg,50,10,61,19,11,9,6,7
C_220,../../01.Datasets/processed/images_train/fechas/C_220.jpg,62,12,68,16,6,4,-,11
C_220,../../01.Datasets/processed/images_train/fechas/C_220.jpg,70,12,77,18,7,6,0,1
C_220,../../01.Datasets/processed/images_train/fechas/C_220.jpg,77,10,87,18,10,8,2,3
C_220,../../01.Datasets/processed/images_train/fechas/C_220.jpg,90,12,97,15,7,3,-,11
C_220,../../01.Datasets/processed/images_train/fechas/C_220.jpg,100,10,109,18,9,8,2,3
C_220,../../01.Datasets/processed/images_train/fechas/C_220.jpg,109,11,117,17,8,6,0,1
C_220,../../01.Datasets/processed/images_train/fechas/C_220.jpg,116,10,126,18,10,8,2,3
C_220,../../01.Datasets/processed/images_train/fechas/C_220.jpg,127,11,132,17,5,6,1,2
C_220,../../01.Datasets/processed/images_train/fechas/C_220.jpg,40,9,133,20,93,11,date,12
C_222,../../01.Datasets/processed/images_train/fechas/C_222.jpg,42,10,53,19,11,9,0,1
C_222,../../01.Datasets/processed/images_train/fechas/C_222.jpg,54,10,63,18,9,8,6,7
C_222,../../01.Datasets/processed/images_train/fechas/C_222.jpg,62,11,69,15,7,4,-,11
C_222,../../01.Datasets/processed/images_train/fechas/C_222.jpg,71,9,82,17,11,8,0,1
C_222,../../01.Datasets/processed/images_train/fechas/C_222.jpg,80,9,89,18,9,9,3,4
C_222,../../01.Datasets/processed/images_train/fechas/C_222.jpg,90,11,102,15,12,4,-,11
C_222,../../01.Datasets/processed/images_train/fechas/C_222.jpg,103,10,113,18,10,8,2,3
C_222,../../01.Datasets/processed/images_train/fechas/C_222.jpg,113,10,123,17,10,7,0,1
C_222,../../01.Datasets/processed/images_train/fechas/C_222.jpg,124,11,130,17,6,6,2,3
C_222,../../01.Datasets/processed/images_train/fechas/C_222.jpg,131,10,135,16,4,6,1,2
C_222,../../01.Datasets/processed/images_train/fechas/C_222.jpg,42,9,137,21,95,12,date,12
C_225,../../01.Datasets/processed/images_train/fechas/C_225.jpg,41,10,48,19,7,9,1,2
C_225,../../01.Datasets/processed/images_train/fechas/C_225.jpg,50,10,58,18,8,8,7,8
C_225,../../01.Datasets/processed/images_train/fechas/C_225.jpg,60,13,69,15,9,2,-,11
C_225,../../01.Datasets/processed/images_train/fechas/C_225.jpg,71,10,82,18,11,8,0,1
C_225,../../01.Datasets/processed/images_train/fechas/C_225.jpg,82,10,93,19,11,9,6,7
C_225,../../01.Datasets/processed/images_train/fechas/C_225.jpg,93,13,104,15,11,2,-,11
C_225,../../01.Datasets/processed/images_train/fechas/C_225.jpg,105,10,116,19,11,9,2,3
C_225,../../01.Datasets/processed/images_train/fechas/C_225.jpg,116,12,127,18,11,6,0,1
C_225,../../01.Datasets/processed/images_train/fechas/C_225.jpg,126,10,135,18,9,8,2,3
C_225,../../01.Datasets/processed/images_train/fechas/C_225.jpg,138,10,144,18,6,8,1,2
C_225,../../01.Datasets/processed/images_train/fechas/C_225.jpg,41,10,145,20,104,10,date,12
C_227,../../01.Datasets/processed/images_train/fechas/C_227.jpg,43,10,54,19,11,9,0,1
C_227,../../01.Datasets/processed/images_train/fechas/C_227.jpg,53,10,65,19,12,9,8,9
C_227,../../01.Datasets/processed/images_train/fechas/C_227.jpg,64,13,72,17,8,4,-,11
C_227,../../01.Datasets/processed/images_train/fechas/C_227.jpg,73,10,85,19,12,9,0,1
C_227,../../01.Datasets/processed/images_train/fechas/C_227.jpg,85,10,91,19,6,9,1,2
C_227,../../01.Datasets/processed/images_train/fechas/C_227.jpg,95,12,103,17,8,5,-,11
C_227,../../01.Datasets/processed/images_train/fechas/C_227.jpg,104,10,110,19,6,9,2,3
C_227,../../01.Datasets/processed/images_train/fechas/C_227.jpg,112,13,120,18,8,5,0,1
C_227,../../01.Datasets/processed/images_train/fechas/C_227.jpg,120,12,129,19,9,7,2,3
C_227,../../01.Datasets/processed/images_train/fechas/C_227.jpg,132,11,138,20,6,9,1,2
C_227,../../01.Datasets/processed/images_train/fechas/C_227.jpg,42,10,139,21,97,11,date,12
C_229,../../01.Datasets/processed/images_train/fechas/C_229.jpg,32,9,41,18,9,9,2,3
C_229,../../01.Datasets/processed/images_train/fechas/C_229.jpg,42,10,52,18,10,8,3,4
C_229,../../01.Datasets/processed/images_train/fechas/C_229.jpg,52,12,61,16,9,4,-,11
C_229,../../01.Datasets/processed/images_train/fechas/C_229.jpg,61,10,70,18,9,8,4,5
C_229,../../01.Datasets/processed/images_train/fechas/C_229.jpg,73,12,83,15,10,3,-,11
C_229,../../01.Datasets/processed/images_train/fechas/C_229.jpg,84,9,92,17,8,8,2,3
C_229,../../01.Datasets/processed/images_train/fechas/C_229.jpg,94,10,102,17,8,7,0,1
C_229,../../01.Datasets/processed/images_train/fechas/C_229.jpg,103,10,111,17,8,7,2,3
C_229,../../01.Datasets/processed/images_train/fechas/C_229.jpg,113,10,118,19,5,9,1,2
C_229,../../01.Datasets/processed/images_train/fechas/C_229.jpg,30,9,117,20,87,11,date,12
C_230,../../01.Datasets/processed/images_train/fechas/C_230.jpg,41,9,49,17,8,8,0,1
C_230,../../01.Datasets/processed/images_train/fechas/C_230.jpg,51,10,62,18,11,8,8,9
C_230,../../01.Datasets/processed/images_train/fechas/C_230.jpg,60,12,69,15,9,3,-,11
C_230,../../01.Datasets/processed/images_train/fechas/C_230.jpg,72,10,80,19,8,9,0,1
C_230,../../01.Datasets/processed/images_train/fechas/C_230.jpg,80,10,89,18,9,8,3,4
C_230,../../01.Datasets/processed/images_train/fechas/C_230.jpg,91,12,102,16,11,4,-,11
C_230,../../01.Datasets/processed/images_train/fechas/C_230.jpg,103,10,111,18,8,8,2,3
C_230,../../01.Datasets/processed/images_train/fechas/C_230.jpg,112,11,120,17,8,6,0,1
C_230,../../01.Datasets/processed/images_train/fechas/C_230.jpg,123,10,132,18,9,8,2,3
C_230,../../01.Datasets/processed/images_train/fechas/C_230.jpg,135,9,140,17,5,8,1,2
C_230,../../01.Datasets/processed/images_train/fechas/C_230.jpg,41,8,140,20,99,12,date,12
C_231,../../01.Datasets/processed/images_train/fechas/C_231.jpg,41,10,49,17,8,7,1,2
C_231,../../01.Datasets/processed/images_train/fechas/C_231.jpg,50,9,58,17,8,8,9,10
C_231,../../01.Datasets/processed/images_train/fechas/C_231.jpg,61,11,68,15,7,4,-,11
C_231,../../01.Datasets/processed/images_train/fechas/C_231.jpg,70,9,82,16,12,7,0,1
C_231,../../01.Datasets/processed/images_train/fechas/C_231.jpg,82,10,91,18,9,8,3,4
C_231,../../01.Datasets/processed/images_train/fechas/C_231.jpg,96,10,102,15,6,5,-,11
C_231,../../01.Datasets/processed/images_train/fechas/C_231.jpg,106,10,114,17,8,7,2,3
C_231,../../01.Datasets/processed/images_train/fechas/C_231.jpg,114,9,122,17,8,8,0,1
C_231,../../01.Datasets/processed/images_train/fechas/C_231.jpg,121,10,129,16,8,6,2,3
C_231,../../01.Datasets/processed/images_train/fechas/C_231.jpg,129,9,137,16,8,7,1,2
C_231,../../01.Datasets/processed/images_train/fechas/C_231.jpg,41,8,139,19,98,11,date,12
C_233,../../01.Datasets/processed/images_train/fechas/C_233.jpg,31,10,40,19,9,9,1,2
C_233,../../01.Datasets/processed/images_train/fechas/C_233.jpg,42,10,52,19,10,9,6,7
C_233,../../01.Datasets/processed/images_train/fechas/C_233.jpg,53,12,61,16,8,4,-,11
C_233,../../01.Datasets/processed/images_train/fechas/C_233.jpg,66,11,76,17,10,6,0,1
C_233,../../01.Datasets/processed/images_train/fechas/C_233.jpg,76,10,83,18,7,8,3,4
C_233,../../01.Datasets/processed/images_train/fechas/C_233.jpg,86,11,96,17,10,6,-,11
C_233,../../01.Datasets/processed/images_train/fechas/C_233.jpg,100,10,109,18,9,8,2,3
C_233,../../01.Datasets/processed/images_train/fechas/C_233.jpg,109,10,121,17,12,7,0,1
C_233,../../01.Datasets/processed/images_train/fechas/C_233.jpg,120,11,128,17,8,6,2,3
C_233,../../01.Datasets/processed/images_train/fechas/C_233.jpg,130,10,136,18,6,8,1,2
C_233,../../01.Datasets/processed/images_train/fechas/C_233.jpg,30,9,138,20,108,11,date,12
C_235,../../01.Datasets/processed/images_train/fechas/C_235.jpg,35,10,43,18,8,8,2,3
C_235,../../01.Datasets/processed/images_train/fechas/C_235.jpg,46,10,55,18,9,8,7,8
C_235,../../01.Datasets/processed/images_train/fechas/C_235.jpg,58,11,66,17,8,6,-,11
C_235,../../01.Datasets/processed/images_train/fechas/C_235.jpg,68,10,79,18,11,8,0,1
C_235,../../01.Datasets/processed/images_train/fechas/C_235.jpg,81,10,87,18,6,8,4,5
C_235,../../01.Datasets/processed/images_train/fechas/C_235.jpg,91,13,99,15,8,2,-,11
C_235,../../01.Datasets/processed/images_train/fechas/C_235.jpg,102,10,111,19,9,9,2,3
C_235,../../01.Datasets/processed/images_train/fechas/C_235.jpg,111,10,121,18,10,8,0,1
C_235,../../01.Datasets/processed/images_train/fechas/C_235.jpg,122,10,131,18,9,8,2,3
C_235,../../01.Datasets/processed/images_train/fechas/C_235.jpg,132,10,138,19,6,9,1,2
C_235,../../01.Datasets/processed/images_train/fechas/C_235.jpg,35,9,140,21,105,12,date,12
C_236,../../01.Datasets/processed/images_train/fechas/C_236.jpg,46,10,55,19,9,9,6,7
C_236,../../01.Datasets/processed/images_train/fechas/C_236.jpg,55,10,63,18,8,8,-,11
C_236,../../01.Datasets/processed/images_train/fechas/C_236.jpg,64,9,70,19,6,10,0,1
C_236,../../01.Datasets/processed/images_train/fechas/C_236.jpg,70,9,76,18,6,9,6,7
C_236,../../01.Datasets/processed/images_train/fechas/C_236.jpg,77,9,85,19,8,10,-,11
C_236,../../01.Datasets/processed/images_train/fechas/C_236.jpg,85,9,91,18,6,9,2,3
C_236,../../01.Datasets/processed/images_train/fechas/C_236.jpg,92,9,98,19,6,10,1,2
C_236,../../01.Datasets/processed/images_train/fechas/C_236.jpg,45,7,100,21,55,14,date,12
C_237,../../01.Datasets/processed/images_train/fechas/C_237.jpg,41,9,49,17,8,8,0,1
C_237,../../01.Datasets/processed/images_train/fechas/C_237.jpg,49,9,58,18,9,9,5,6
C_237,../../01.Datasets/processed/images_train/fechas/C_237.jpg,58,11,65,16,7,5,-,11
C_237,../../01.Datasets/processed/images_train/fechas/C_237.jpg,65,10,75,17,10,7,0,1
C_237,../../01.Datasets/processed/images_train/fechas/C_237.jpg,75,10,83,19,8,9,3,4
C_237,../../01.Datasets/processed/images_train/fechas/C_237.jpg,82,10,88,16,6,6,-,11
C_237,../../01.Datasets/processed/images_train/fechas/C_237.jpg,93,10,99,18,6,8,2,3
C_237,../../01.Datasets/processed/images_train/fechas/C_237.jpg,99,10,105,18,6,8,0,1
C_237,../../01.Datasets/processed/images_train/fechas/C_237.jpg,107,10,113,19,6,9,2,3
C_237,../../01.Datasets/processed/images_train/fechas/C_237.jpg,113,10,119,19,6,9,1,2
C_237,../../01.Datasets/processed/images_train/fechas/C_237.jpg,40,7,122,21,82,14,date,12
C_240,../../01.Datasets/processed/images_train/fechas/C_240.jpg,33,10,41,18,8,8,0,1
C_240,../../01.Datasets/processed/images_train/fechas/C_240.jpg,41,11,50,20,9,9,6,7
C_240,../../01.Datasets/processed/images_train/fechas/C_240.jpg,50,13,58,18,8,5,-,11
C_240,../../01.Datasets/processed/images_train/fechas/C_240.jpg,58,12,67,20,9,8,0,1
C_240,../../01.Datasets/processed/images_train/fechas/C_240.jpg,68,12,77,22,9,10,3,4
C_240,../../01.Datasets/processed/images_train/fechas/C_240.jpg,79,13,85,18,6,5,-,11
C_240,../../01.Datasets/processed/images_train/fechas/C_240.jpg,90,12,96,21,6,9,2,3
C_240,../../01.Datasets/processed/images_train/fechas/C_240.jpg,97,13,105,21,8,8,0,1
C_240,../../01.Datasets/processed/images_train/fechas/C_240.jpg,105,13,114,21,9,8,2,3
C_240,../../01.Datasets/processed/images_train/fechas/C_240.jpg,113,12,120,22,7,10,1,2
C_240,../../01.Datasets/processed/images_train/fechas/C_240.jpg,31,9,121,23,90,14,date,12
C_242,../../01.Datasets/processed/images_train/fechas/C_242.jpg,43,8,51,17,8,9,2,3
C_242,../../01.Datasets/processed/images_train/fechas/C_242.jpg,52,9,60,19,8,10,8,9
C_242,../../01.Datasets/processed/images_train/fechas/C_242.jpg,62,12,68,17,6,5,-,11
C_242,../../01.Datasets/processed/images_train/fechas/C_242.jpg,71,10,80,18,9,8,0,1
C_242,../../01.Datasets/processed/images_train/fechas/C_242.jpg,80,10,88,19,8,9,3,4
C_242,../../01.Datasets/processed/images_train/fechas/C_242.jpg,92,11,98,16,6,5,-,11
C_242,../../01.Datasets/processed/images_train/fechas/C_242.jpg,102,9,107,18,5,9,2,3
C_242,../../01.Datasets/processed/images_train/fechas/C_242.jpg,110,10,116,18,6,8,0,1
C_242,../../01.Datasets/processed/images_train/fechas/C_242.jpg,117,11,125,20,8,9,2,3
C_242,../../01.Datasets/processed/images_train/fechas/C_242.jpg,125,10,133,19,8,9,1,2
C_242,../../01.Datasets/processed/images_train/fechas/C_242.jpg,41,7,134,21,93,14,date,12
C_246,../../01.Datasets/processed/images_train/fechas/C_246.jpg,35,9,45,19,10,10,0,1
C_246,../../01.Datasets/processed/images_train/fechas/C_246.jpg,48,9,53,19,5,10,1,2
C_246,../../01.Datasets/processed/images_train/fechas/C_246.jpg,53,13,59,17,6,4,-,11
C_246,../../01.Datasets/processed/images_train/fechas/C_246.jpg,60,9,69,19,9,10,0,1
C_246,../../01.Datasets/processed/images_train/fechas/C_246.jpg,70,9,76,19,6,10,3,4
C_246,../../01.Datasets/processed/images_train/fechas/C_246.jpg,76,13,83,17,7,4,-,11
C_246,../../01.Datasets/processed/images_train/fechas/C_246.jpg,86,8,94,18,8,10,2,3
C_246,../../01.Datasets/processed/images_train/fechas/C_246.jpg,94,9,102,17,8,8,0,1
C_246,../../01.Datasets/processed/images_train/fechas/C_246.jpg,102,8,111,18,9,10,2,3
C_246,../../01.Datasets/processed/images_train/fechas/C_246.jpg,111,8,119,19,8,11,1,2
C_246,../../01.Datasets/processed/images_train/fechas/C_246.jpg,33,7,120,21,87,14,date,12
C_247,../../01.Datasets/processed/images_train/fechas/C_247.jpg,43,7,52,16,9,9,2,3
C_247,../../01.Datasets/processed/images_train/fechas/C_247.jpg,52,8,60,18,8,10,4,5
C_247,../../01.Datasets/processed/images_train/fechas/C_247.jpg,61,9,68,16,7,7,-,11
C_247,../../01.Datasets/processed/images_train/fechas/C_247.jpg,68,8,74,17,6,9,0,1
C_247,../../01.Datasets/processed/images_train/fechas/C_247.jpg,75,8,82,17,7,9,6,7
C_247,../../01.Datasets/processed/images_train/fechas/C_247.jpg,82,11,88,16,6,5,-,11
C_247,../../01.Datasets/processed/images_train/fechas/C_247.jpg,93,7,99,16,6,9,2,3
C_247,../../01.Datasets/processed/images_train/fechas/C_247.jpg,100,8,108,17,8,9,0,1
C_247,../../01.Datasets/processed/images_train/fechas/C_247.jpg,107,8,113,18,6,10,2,3
C_247,../../01.Datasets/processed/images_train/fechas/C_247.jpg,113,8,120,18,7,10,1,2
C_247,../../01.Datasets/processed/images_train/fechas/C_247.jpg,42,6,122,20,80,14,date,12
C_249,../../01.Datasets/processed/images_train/fechas/C_249.jpg,39,9,45,21,6,12,2,3
C_249,../../01.Datasets/processed/images_train/fechas/C_249.jpg,45,10,51,21,6,11,1,2
C_249,../../01.Datasets/processed/images_train/fechas/C_249.jpg,52,13,59,18,7,5,-,11
C_249,../../01.Datasets/processed/images_train/fechas/C_249.jpg,59,10,65,20,6,10,0,1
C_249,../../01.Datasets/processed/images_train/fechas/C_249.jpg,66,11,73,21,7,10,4,5
C_249,../../01.Datasets/processed/images_train/fechas/C_249.jpg,73,12,79,18,6,6,-,11
C_249,../../01.Datasets/processed/images_train/fechas/C_249.jpg,84,10,90,18,6,8,2,3
C_249,../../01.Datasets/processed/images_train/fechas/C_249.jpg,90,10,97,19,7,9,0,1
C_249,../../01.Datasets/processed/images_train/fechas/C_249.jpg,99,10,105,20,6,10,2,3
C_249,../../01.Datasets/processed/images_train/fechas/C_249.jpg,105,10,111,21,6,11,1,2
C_249,../../01.Datasets/processed/images_train/fechas/C_249.jpg,38,8,114,23,76,15,date,12
C_250,../../01.Datasets/processed/images_train/fechas/C_250.jpg,38,9,46,18,8,9,2,3
C_250,../../01.Datasets/processed/images_train/fechas/C_250.jpg,46,9,55,19,9,10,9,10
C_250,../../01.Datasets/processed/images_train/fechas/C_250.jpg,56,12,62,16,6,4,-,11
C_250,../../01.Datasets/processed/images_train/fechas/C_250.jpg,63,9,72,19,9,10,0,1
C_250,../../01.Datasets/processed/images_train/fechas/C_250.jpg,72,10,80,19,8,9,3,4
C_250,../../01.Datasets/processed/images_train/fechas/C_250.jpg,83,10,92,16,9,6,-,11
C_250,../../01.Datasets/processed/images_train/fechas/C_250.jpg,96,9,103,19,7,10,2,3
C_250,../../01.Datasets/processed/images_train/fechas/C_250.jpg,103,9,112,19,9,10,0,1
C_250,../../01.Datasets/processed/images_train/fechas/C_250.jpg,113,9,119,19,6,10,2,3
C_250,../../01.Datasets/processed/images_train/fechas/C_250.jpg,119,10,125,20,6,10,1,2
C_250,../../01.Datasets/processed/images_train/fechas/C_250.jpg,37,6,127,21,90,15,date,12
C_252,../../01.Datasets/processed/images_train/fechas/C_252.jpg,38,8,47,17,9,9,2,3
C_252,../../01.Datasets/processed/images_train/fechas/C_252.jpg,47,8,55,17,8,9,3,4
C_252,../../01.Datasets/processed/images_train/fechas/C_252.jpg,56,11,62,15,6,4,-,11
C_252,../../01.Datasets/processed/images_train/fechas/C_252.jpg,62,9,73,16,11,7,0,1
C_252,../../01.Datasets/processed/images_train/fechas/C_252.jpg,73,8,79,18,6,10,2,3
C_252,../../01.Datasets/processed/images_train/fechas/C_252.jpg,83,11,90,15,7,4,-,11
C_252,../../01.Datasets/processed/images_train/fechas/C_252.jpg,91,8,99,18,8,10,2,3
C_252,../../01.Datasets/processed/images_train/fechas/C_252.jpg,98,9,106,18,8,9,0,1
C_252,../../01.Datasets/processed/images_train/fechas/C_252.jpg,106,9,114,18,8,9,2,3
C_252,../../01.Datasets/processed/images_train/fechas/C_252.jpg,114,9,119,19,5,10,1,2
C_252,../../01.Datasets/processed/images_train/fechas/C_252.jpg,36,7,121,20,85,13,date,12
C_253,../../01.Datasets/processed/images_train/fechas/C_253.jpg,47,5,55,15,8,10,3,4
C_253,../../01.Datasets/processed/images_train/fechas/C_253.jpg,57,6,68,15,11,9,0,1
C_253,../../01.Datasets/processed/images_train/fechas/C_253.jpg,67,9,75,14,8,5,-,11
C_253,../../01.Datasets/processed/images_train/fechas/C_253.jpg,75,8,84,17,9,9,0,1
C_253,../../01.Datasets/processed/images_train/fechas/C_253.jpg,85,7,94,16,9,9,6,7
C_253,../../01.Datasets/processed/images_train/fechas/C_253.jpg,94,9,103,14,9,5,-,11
C_253,../../01.Datasets/processed/images_train/fechas/C_253.jpg,104,6,111,17,7,11,2,3
C_253,../../01.Datasets/processed/images_train/fechas/C_253.jpg,111,10,120,17,9,7,0,1
C_253,../../01.Datasets/processed/images_train/fechas/C_253.jpg,120,8,127,18,7,10,2,3
C_253,../../01.Datasets/processed/images_train/fechas/C_253.jpg,127,9,133,19,6,10,1,2
C_253,../../01.Datasets/processed/images_train/fechas/C_253.jpg,46,3,134,21,88,18,date,12
C_256,../../01.Datasets/processed/images_train/fechas/C_256.jpg,34,10,45,20,11,10,2,3
C_256,../../01.Datasets/processed/images_train/fechas/C_256.jpg,46,10,55,20,9,10,7,8
C_256,../../01.Datasets/processed/images_train/fechas/C_256.jpg,55,10,63,21,8,11,-,11
C_256,../../01.Datasets/processed/images_train/fechas/C_256.jpg,65,10,71,22,6,12,0,1
C_256,../../01.Datasets/processed/images_train/fechas/C_256.jpg,73,10,79,21,6,11,4,5
C_256,../../01.Datasets/processed/images_train/fechas/C_256.jpg,79,10,85,20,6,10,-,11
C_256,../../01.Datasets/processed/images_train/fechas/C_256.jpg,87,10,95,21,8,11,2,3
C_256,../../01.Datasets/processed/images_train/fechas/C_256.jpg,96,10,102,21,6,11,0,1
C_256,../../01.Datasets/processed/images_train/fechas/C_256.jpg,104,10,109,21,5,11,2,3
C_256,../../01.Datasets/processed/images_train/fechas/C_256.jpg,110,11,116,21,6,10,1,2
C_256,../../01.Datasets/processed/images_train/fechas/C_256.jpg,31,9,120,22,89,13,date,12
C_257,../../01.Datasets/processed/images_train/fechas/C_257.jpg,44,7,53,18,9,11,2,3
C_257,../../01.Datasets/processed/images_train/fechas/C_257.jpg,53,7,60,18,7,11,1,2
C_257,../../01.Datasets/processed/images_train/fechas/C_257.jpg,60,7,65,18,5,11,-,11
C_257,../../01.Datasets/processed/images_train/fechas/C_257.jpg,66,7,73,18,7,11,0,1
C_257,../../01.Datasets/processed/images_train/fechas/C_257.jpg,73,7,83,18,10,11,5,6
C_257,../../01.Datasets/processed/images_train/fechas/C_257.jpg,84,7,90,18,6,11,-,11
C_257,../../01.Datasets/processed/images_train/fechas/C_257.jpg,93,7,99,18,6,11,2,3
C_257,../../01.Datasets/processed/images_train/fechas/C_257.jpg,100,7,108,18,8,11,0,1
C_257,../../01.Datasets/processed/images_train/fechas/C_257.jpg,107,7,113,18,6,11,2,3
C_257,../../01.Datasets/processed/images_train/fechas/C_257.jpg,113,7,119,18,6,11,1,2
C_257,../../01.Datasets/processed/images_train/fechas/C_257.jpg,43,6,122,20,79,14,date,12
C_258,../../01.Datasets/processed/images_train/fechas/C_258.jpg,42,8,48,17,6,9,0,1
C_258,../../01.Datasets/processed/images_train/fechas/C_258.jpg,49,8,56,17,7,9,6,7
C_258,../../01.Datasets/processed/images_train/fechas/C_258.jpg,57,8,65,17,8,9,-,11
C_258,../../01.Datasets/processed/images_train/fechas/C_258.jpg,66,8,74,18,8,10,0,1
C_258,../../01.Datasets/processed/images_train/fechas/C_258.jpg,74,8,82,18,8,10,6,7
C_258,../../01.Datasets/processed/images_train/fechas/C_258.jpg,84,8,90,19,6,11,-,11
C_258,../../01.Datasets/processed/images_train/fechas/C_258.jpg,91,8,96,20,5,12,2,3
C_258,../../01.Datasets/processed/images_train/fechas/C_258.jpg,99,9,104,19,5,10,0,1
C_258,../../01.Datasets/processed/images_train/fechas/C_258.jpg,107,9,113,21,6,12,2,3
C_258,../../01.Datasets/processed/images_train/fechas/C_258.jpg,115,10,121,20,6,10,1,2
C_258,../../01.Datasets/processed/images_train/fechas/C_258.jpg,39,6,124,21,85,15,date,12
C_259,../../01.Datasets/processed/images_train/fechas/C_259.jpg,44,8,50,18,6,10,1,2
C_259,../../01.Datasets/processed/images_train/fechas/C_259.jpg,50,8,56,18,6,10,1,2
C_259,../../01.Datasets/processed/images_train/fechas/C_259.jpg,56,8,62,18,6,10,-,11
C_259,../../01.Datasets/processed/images_train/fechas/C_259.jpg,64,8,70,18,6,10,0,1
C_259,../../01.Datasets/processed/images_train/fechas/C_259.jpg,72,8,79,18,7,10,2,3
C_259,../../01.Datasets/processed/images_train/fechas/C_259.jpg,79,8,85,18,6,10,-,11
C_259,../../01.Datasets/processed/images_train/fechas/C_259.jpg,87,8,94,18,7,10,2,3
C_259,../../01.Datasets/processed/images_train/fechas/C_259.jpg,95,8,102,18,7,10,0,1
C_259,../../01.Datasets/processed/images_train/fechas/C_259.jpg,102,8,108,18,6,10,2,3
C_259,../../01.Datasets/processed/images_train/fechas/C_259.jpg,109,8,116,18,7,10,1,2
C_259,../../01.Datasets/processed/images_train/fechas/C_259.jpg,42,7,121,20,79,13,date,12
C_260,../../01.Datasets/processed/images_train/fechas/C_260.jpg,41,8,48,18,7,10,1,2
C_260,../../01.Datasets/processed/images_train/fechas/C_260.jpg,48,8,54,18,6,10,2,3
C_260,../../01.Datasets/processed/images_train/fechas/C_260.jpg,56,8,63,18,7,10,-,11
C_260,../../01.Datasets/processed/images_train/fechas/C_260.jpg,65,8,70,18,5,10,0,1
C_260,../../01.Datasets/processed/images_train/fechas/C_260.jpg,72,8,79,18,7,10,6,7
C_260,../../01.Datasets/processed/images_train/fechas/C_260.jpg,81,8,87,18,6,10,-,11
C_260,../../01.Datasets/processed/images_train/fechas/C_260.jpg,87,8,93,19,6,11,2,3
C_260,../../01.Datasets/processed/images_train/fechas/C_260.jpg,110,9,117,19,7,10,1,2
C_260,../../01.Datasets/processed/images_train/fechas/C_260.jpg,104,9,110,19,6,10,2,3
C_260,../../01.Datasets/processed/images_train/fechas/C_260.jpg,94,9,102,19,8,10,0,1
C_260,../../01.Datasets/processed/images_train/fechas/C_260.jpg,37,7,121,21,84,14,date,12
C_261,../../01.Datasets/processed/images_train/fechas/C_261.jpg,44,8,51,18,7,10,2,3
C_261,../../01.Datasets/processed/images_train/fechas/C_261.jpg,51,9,57,19,6,10,6,7
C_261,../../01.Datasets/processed/images_train/fechas/C_261.jpg,61,10,68,19,7,9,-,11
C_261,../../01.Datasets/processed/images_train/fechas/C_261.jpg,69,10,76,19,7,9,0,1
C_261,../../01.Datasets/processed/images_train/fechas/C_261.jpg,77,10,80,20,3,10,1,2
C_261,../../01.Datasets/processed/images_train/fechas/C_261.jpg,83,10,90,18,7,8,-,11
C_261,../../01.Datasets/processed/images_train/fechas/C_261.jpg,92,11,99,20,7,9,2,3
C_261,../../01.Datasets/processed/images_train/fechas/C_261.jpg,99,11,105,21,6,10,0,1
C_261,../../01.Datasets/processed/images_train/fechas/C_261.jpg,105,11,111,21,6,10,2,3
C_261,../../01.Datasets/processed/images_train/fechas/C_261.jpg,112,11,118,21,6,10,1,2
C_261,../../01.Datasets/processed/images_train/fechas/C_261.jpg,41,6,122,21,81,15,date,12
C_262,../../01.Datasets/processed/images_train/fechas/C_262.jpg,39,8,46,18,7,10,2,3
C_262,../../01.Datasets/processed/images_train/fechas/C_262.jpg,48,8,54,18,6,10,8,9
C_262,../../01.Datasets/processed/images_train/fechas/C_262.jpg,56,10,63,17,7,7,-,11
C_262,../../01.Datasets/processed/images_train/fechas/C_262.jpg,65,10,70,18,5,8,0,1
C_262,../../01.Datasets/processed/images_train/fechas/C_262.jpg,71,10,77,18,6,8,6,7
C_262,../../01.Datasets/processed/images_train/fechas/C_262.jpg,79,10,86,18,7,8,-,11
C_262,../../01.Datasets/processed/images_train/fechas/C_262.jpg,88,9,94,19,6,10,2,3
C_262,../../01.Datasets/processed/images_train/fechas/C_262.jpg,96,9,102,19,6,10,0,1
C_262,../../01.Datasets/processed/images_train/fechas/C_262.jpg,104,9,110,19,6,10,2,3
C_262,../../01.Datasets/processed/images_train/fechas/C_262.jpg,110,9,116,19,6,10,1,2
C_262,../../01.Datasets/processed/images_train/fechas/C_262.jpg,38,7,119,21,81,14,date,12
C_263,../../01.Datasets/processed/images_train/fechas/C_263.jpg,43,5,52,15,9,10,2,3
C_263,../../01.Datasets/processed/images_train/fechas/C_263.jpg,52,5,59,15,7,10,5,6
C_263,../../01.Datasets/processed/images_train/fechas/C_263.jpg,59,6,65,15,6,9,-,11
C_263,../../01.Datasets/processed/images_train/fechas/C_263.jpg,67,6,73,15,6,9,0,1
C_263,../../01.Datasets/processed/images_train/fechas/C_263.jpg,73,6,80,16,7,10,4,5
C_263,../../01.Datasets/processed/images_train/fechas/C_263.jpg,82,8,87,15,5,7,-,11
C_263,../../01.Datasets/processed/images_train/fechas/C_263.jpg,90,7,96,16,6,9,2,3
C_263,../../01.Datasets/processed/images_train/fechas/C_263.jpg,96,7,102,16,6,9,0,1
C_263,../../01.Datasets/processed/images_train/fechas/C_263.jpg,103,7,106,16,3,9,2,3
C_263,../../01.Datasets/processed/images_train/fechas/C_263.jpg,107,7,113,16,6,9,1,2
C_263,../../01.Datasets/processed/images_train/fechas/C_263.jpg,42,3,116,18,74,15,date,12
C_264,../../01.Datasets/processed/images_train/fechas/C_264.jpg,39,6,46,16,7,10,2,3
C_264,../../01.Datasets/processed/images_train/fechas/C_264.jpg,48,6,54,17,6,11,2,3
C_264,../../01.Datasets/processed/images_train/fechas/C_264.jpg,56,9,62,16,6,7,-,11
C_264,../../01.Datasets/processed/images_train/fechas/C_264.jpg,63,8,68,18,5,10,0,1
C_264,../../01.Datasets/processed/images_train/fechas/C_264.jpg,69,8,77,18,8,10,6,7
C_264,../../01.Datasets/processed/images_train/fechas/C_264.jpg,79,9,85,17,6,8,-,11
C_264,../../01.Datasets/processed/images_train/fechas/C_264.jpg,89,8,96,18,7,10,2,3
C_264,../../01.Datasets/processed/images_train/fechas/C_264.jpg,96,8,102,18,6,10,0,1
C_264,../../01.Datasets/processed/images_train/fechas/C_264.jpg,102,8,107,18,5,10,2,3
C_264,../../01.Datasets/processed/images_train/fechas/C_264.jpg,107,8,113,18,6,10,1,2
C_264,../../01.Datasets/processed/images_train/fechas/C_264.jpg,37,5,116,20,79,15,date,12
C_265,../../01.Datasets/processed/images_train/fechas/C_265.jpg,38,6,45,17,7,11,2,3
C_265,../../01.Datasets/processed/images_train/fechas/C_265.jpg,46,6,54,17,8,11,7,8
C_265,../../01.Datasets/processed/images_train/fechas/C_265.jpg,55,6,62,17,7,11,-,11
C_265,../../01.Datasets/processed/images_train/fechas/C_265.jpg,63,6,71,17,8,11,0,1
C_265,../../01.Datasets/processed/images_train/fechas/C_265.jpg,71,6,77,17,6,11,2,3
C_265,../../01.Datasets/processed/images_train/fechas/C_265.jpg,79,9,85,16,6,7,-,11
C_265,../../01.Datasets/processed/images_train/fechas/C_265.jpg,88,8,94,17,6,9,2,3
C_265,../../01.Datasets/processed/images_train/fechas/C_265.jpg,96,8,102,17,6,9,0,1
C_265,../../01.Datasets/processed/images_train/fechas/C_265.jpg,102,6,108,17,6,11,2,3
C_265,../../01.Datasets/processed/images_train/fechas/C_265.jpg,110,8,116,17,6,9,1,2
C_265,../../01.Datasets/processed/images_train/fechas/C_265.jpg,35,6,118,19,83,13,date,12
C_267,../../01.Datasets/processed/images_train/fechas/C_267.jpg,36,8,42,18,6,10,2,3
C_267,../../01.Datasets/processed/images_train/fechas/C_267.jpg,44,8,51,19,7,11,7,8
C_267,../../01.Datasets/processed/images_train/fechas/C_267.jpg,51,9,56,18,5,9,-,11
C_267,../../01.Datasets/processed/images_train/fechas/C_267.jpg,58,9,64,18,6,9,0,1
C_267,../../01.Datasets/processed/images_train/fechas/C_267.jpg,63,8,72,19,9,11,3,4
C_267,../../01.Datasets/processed/images_train/fechas/C_267.jpg,75,9,82,19,7,10,-,11
C_267,../../01.Datasets/processed/images_train/fechas/C_267.jpg,83,9,90,19,7,10,2,3
C_267,../../01.Datasets/processed/images_train/fechas/C_267.jpg,90,9,96,19,6,10,0,1
C_267,../../01.Datasets/processed/images_train/fechas/C_267.jpg,96,9,102,19,6,10,2,3
C_267,../../01.Datasets/processed/images_train/fechas/C_267.jpg,105,10,109,18,4,8,1,2
C_267,../../01.Datasets/processed/images_train/fechas/C_267.jpg,34,7,113,21,79,14,date,12
C_268,../../01.Datasets/processed/images_train/fechas/C_268.jpg,33,7,39,18,6,11,0,1
C_268,../../01.Datasets/processed/images_train/fechas/C_268.jpg,41,7,48,19,7,12,8,9
C_268,../../01.Datasets/processed/images_train/fechas/C_268.jpg,50,8,56,18,6,10,-,11
C_268,../../01.Datasets/processed/images_train/fechas/C_268.jpg,56,9,63,19,7,10,0,1
C_268,../../01.Datasets/processed/images_train/fechas/C_268.jpg,65,9,71,20,6,11,6,7
C_268,../../01.Datasets/processed/images_train/fechas/C_268.jpg,73,9,79,17,6,8,-,11
C_268,../../01.Datasets/processed/images_train/fechas/C_268.jpg,81,8,87,19,6,11,2,3
C_268,../../01.Datasets/processed/images_train/fechas/C_268.jpg,88,8,94,20,6,12,0,1
C_268,../../01.Datasets/processed/images_train/fechas/C_268.jpg,96,9,102,19,6,10,2,3
C_268,../../01.Datasets/processed/images_train/fechas/C_268.jpg,103,9,111,20,8,11,1,2
C_268,../../01.Datasets/processed/images_train/fechas/C_268.jpg,31,6,116,21,85,15,date,12
C_269,../../01.Datasets/processed/images_train/fechas/C_269.jpg,42,10,48,19,6,9,1,2
C_269,../../01.Datasets/processed/images_train/fechas/C_269.jpg,49,10,52,20,3,10,1,2
C_269,../../01.Datasets/processed/images_train/fechas/C_269.jpg,53,12,59,18,6,6,-,11
C_269,../../01.Datasets/processed/images_train/fechas/C_269.jpg,59,10,65,18,6,8,0,1
C_269,../../01.Datasets/processed/images_train/fechas/C_269.jpg,67,10,73,18,6,8,4,5
C_269,../../01.Datasets/processed/images_train/fechas/C_269.jpg,73,11,79,17,6,6,-,11
C_269,../../01.Datasets/processed/images_train/fechas/C_269.jpg,81,10,87,18,6,8,2,3
C_269,../../01.Datasets/processed/images_train/fechas/C_269.jpg,87,9,94,19,7,10,0,1
C_269,../../01.Datasets/processed/images_train/fechas/C_269.jpg,96,10,102,19,6,9,2,3
C_269,../../01.Datasets/processed/images_train/fechas/C_269.jpg,103,10,106,19,3,9,1,2
C_269,../../01.Datasets/processed/images_train/fechas/C_269.jpg,39,7,109,21,70,14,date,12
C_27,../../01.Datasets/processed/images_train/fechas/C_27.jpg,38,9,141,19,103,10,date,12
C_27,../../01.Datasets/processed/images_train/fechas/C_27.jpg,37,9,48,20,11,11,1,2
C_27,../../01.Datasets/processed/images_train/fechas/C_27.jpg,48,10,58,19,10,9,9,10
C_27,../../01.Datasets/processed/images_train/fechas/C_27.jpg,60,11,69,15,9,4,-,11
C_27,../../01.Datasets/processed/images_train/fechas/C_27.jpg,68,9,80,19,12,10,0,1
C_27,../../01.Datasets/processed/images_train/fechas/C_27.jpg,82,10,92,20,10,10,3,4
C_27,../../01.Datasets/processed/images_train/fechas/C_27.jpg,93,11,104,16,11,5,-,11
C_27,../../01.Datasets/processed/images_train/fechas/C_27.jpg,103,10,112,20,9,10,2,3
C_27,../../01.Datasets/processed/images_train/fechas/C_27.jpg,112,10,120,19,8,9,0,1
C_27,../../01.Datasets/processed/images_train/fechas/C_27.jpg,120,9,129,19,9,10,2,3
C_27,../../01.Datasets/processed/images_train/fechas/C_27.jpg,129,9,138,20,9,11,1,2
C_270,../../01.Datasets/processed/images_train/fechas/C_270.jpg,35,11,43,20,8,9,0,1
C_270,../../01.Datasets/processed/images_train/fechas/C_270.jpg,44,11,52,20,8,9,5,6
C_270,../../01.Datasets/processed/images_train/fechas/C_270.jpg,55,13,62,18,7,5,-,11
C_270,../../01.Datasets/processed/images_train/fechas/C_270.jpg,62,10,69,19,7,9,0,1
C_270,../../01.Datasets/processed/images_train/fechas/C_270.jpg,70,11,78,20,8,9,4,5
C_270,../../01.Datasets/processed/images_train/fechas/C_270.jpg,79,11,85,17,6,6,-,11
C_270,../../01.Datasets/processed/images_train/fechas/C_270.jpg,88,10,94,19,6,9,2,3
C_270,../../01.Datasets/processed/images_train/fechas/C_270.jpg,96,10,102,20,6,10,0,1
C_270,../../01.Datasets/processed/images_train/fechas/C_270.jpg,102,9,107,20,5,11,2,3
C_270,../../01.Datasets/processed/images_train/fechas/C_270.jpg,108,9,113,20,5,11,1,2
C_270,../../01.Datasets/processed/images_train/fechas/C_270.jpg,34,9,117,21,83,12,date,12
C_271,../../01.Datasets/processed/images_train/fechas/C_271.jpg,38,10,46,19,8,9,0,1
C_271,../../01.Datasets/processed/images_train/fechas/C_271.jpg,47,10,53,20,6,10,7,8
C_271,../../01.Datasets/processed/images_train/fechas/C_271.jpg,53,12,61,17,8,5,-,11
C_271,../../01.Datasets/processed/images_train/fechas/C_271.jpg,62,12,68,20,6,8,0,1
C_271,../../01.Datasets/processed/images_train/fechas/C_271.jpg,70,12,76,20,6,8,6,7
C_271,../../01.Datasets/processed/images_train/fechas/C_271.jpg,79,12,85,17,6,5,-,11
C_271,../../01.Datasets/processed/images_train/fechas/C_271.jpg,87,11,94,20,7,9,2,3
C_271,../../01.Datasets/processed/images_train/fechas/C_271.jpg,96,11,102,20,6,9,0,1
C_271,../../01.Datasets/processed/images_train/fechas/C_271.jpg,102,11,108,20,6,9,2,3
C_271,../../01.Datasets/processed/images_train/fechas/C_271.jpg,110,11,116,21,6,10,1,2
C_271,../../01.Datasets/processed/images_train/fechas/C_271.jpg,37,9,119,22,82,13,date,12
C_272,../../01.Datasets/processed/images_train/fechas/C_272.jpg,31,8,37,19,6,11,2,3
C_272,../../01.Datasets/processed/images_train/fechas/C_272.jpg,39,8,45,20,6,12,4,5
C_272,../../01.Datasets/processed/images_train/fechas/C_272.jpg,45,12,52,18,7,6,-,11
C_272,../../01.Datasets/processed/images_train/fechas/C_272.jpg,53,10,60,19,7,9,0,1
C_272,../../01.Datasets/processed/images_train/fechas/C_272.jpg,62,10,68,20,6,10,7,8
C_272,../../01.Datasets/processed/images_train/fechas/C_272.jpg,70,10,76,18,6,8,-,11
C_272,../../01.Datasets/processed/images_train/fechas/C_272.jpg,79,10,85,20,6,10,2,3
C_272,../../01.Datasets/processed/images_train/fechas/C_272.jpg,87,10,93,20,6,10,0,1
C_272,../../01.Datasets/processed/images_train/fechas/C_272.jpg,94,11,99,20,5,9,2,3
C_272,../../01.Datasets/processed/images_train/fechas/C_272.jpg,101,11,107,20,6,9,1,2
C_272,../../01.Datasets/processed/images_train/fechas/C_272.jpg,29,6,110,21,81,15,date,12
C_274,../../01.Datasets/processed/images_train/fechas/C_274.jpg,34,8,39,18,5,10,1,2
C_274,../../01.Datasets/processed/images_train/fechas/C_274.jpg,40,8,48,19,8,11,3,4
C_274,../../01.Datasets/processed/images_train/fechas/C_274.jpg,50,10,56,16,6,6,-,11
C_274,../../01.Datasets/processed/images_train/fechas/C_274.jpg,56,10,62,18,6,8,0,1
C_274,../../01.Datasets/processed/images_train/fechas/C_274.jpg,62,10,68,18,6,8,2,3
C_274,../../01.Datasets/processed/images_train/fechas/C_274.jpg,70,11,75,17,5,6,-,11
C_274,../../01.Datasets/processed/images_train/fechas/C_274.jpg,78,9,84,18,6,9,2,3
C_274,../../01.Datasets/processed/images_train/fechas/C_274.jpg,84,10,90,18,6,8,0,1
C_274,../../01.Datasets/processed/images_train/fechas/C_274.jpg,92,10,98,18,6,8,2,3
C_274,../../01.Datasets/processed/images_train/fechas/C_274.jpg,99,10,104,18,5,8,1,2
C_274,../../01.Datasets/processed/images_train/fechas/C_274.jpg,33,7,107,20,74,13,date,12
C_275,../../01.Datasets/processed/images_train/fechas/C_275.jpg,42,9,47,19,5,10,1,2
C_275,../../01.Datasets/processed/images_train/fechas/C_275.jpg,47,9,55,18,8,9,4,5
C_275,../../01.Datasets/processed/images_train/fechas/C_275.jpg,56,11,62,17,6,6,-,11
C_275,../../01.Datasets/processed/images_train/fechas/C_275.jpg,63,11,72,17,9,6,0,1
C_275,../../01.Datasets/processed/images_train/fechas/C_275.jpg,72,9,80,18,8,9,6,7
C_275,../../01.Datasets/processed/images_train/fechas/C_275.jpg,82,10,88,18,6,8,-,11
C_275,../../01.Datasets/processed/images_train/fechas/C_275.jpg,90,10,96,19,6,9,2,3
C_275,../../01.Datasets/processed/images_train/fechas/C_275.jpg,97,10,105,19,8,9,0,1
C_275,../../01.Datasets/processed/images_train/fechas/C_275.jpg,104,10,111,19,7,9,2,3
C_275,../../01.Datasets/processed/images_train/fechas/C_275.jpg,113,10,118,20,5,10,1,2
C_275,../../01.Datasets/processed/images_train/fechas/C_275.jpg,39,6,120,21,81,15,date,12
C_277,../../01.Datasets/processed/images_train/fechas/C_277.jpg,35,9,43,19,8,10,2,3
C_277,../../01.Datasets/processed/images_train/fechas/C_277.jpg,43,9,51,20,8,11,-,11
C_277,../../01.Datasets/processed/images_train/fechas/C_277.jpg,50,9,58,19,8,10,1,2
C_277,../../01.Datasets/processed/images_train/fechas/C_277.jpg,59,9,66,19,7,10,5,6
C_277,../../01.Datasets/processed/images_train/fechas/C_277.jpg,67,9,73,20,6,11,-,11
C_277,../../01.Datasets/processed/images_train/fechas/C_277.jpg,75,10,83,20,8,10,2,3
C_277,../../01.Datasets/processed/images_train/fechas/C_277.jpg,83,9,92,19,9,10,0,1
C_277,../../01.Datasets/processed/images_train/fechas/C_277.jpg,92,10,99,20,7,10,2,3
C_277,../../01.Datasets/processed/images_train/fechas/C_277.jpg,99,10,104,20,5,10,1,2
C_277,../../01.Datasets/processed/images_train/fechas/C_277.jpg,33,7,107,22,74,15,date,12
C_279,../../01.Datasets/processed/images_train/fechas/C_279.jpg,20,11,29,20,9,9,0,1
C_279,../../01.Datasets/processed/images_train/fechas/C_279.jpg,31,10,41,20,10,10,4,5
C_279,../../01.Datasets/processed/images_train/fechas/C_279.jpg,45,10,55,19,10,9,-,11
C_279,../../01.Datasets/processed/images_train/fechas/C_279.jpg,56,10,68,19,12,9,0,1
C_279,../../01.Datasets/processed/images_train/fechas/C_279.jpg,70,10,82,19,12,9,7,8
C_279,../../01.Datasets/processed/images_train/fechas/C_279.jpg,83,12,92,18,9,6,-,11
C_279,../../01.Datasets/processed/images_train/fechas/C_279.jpg,95,10,104,20,9,10,2,3
C_279,../../01.Datasets/processed/images_train/fechas/C_279.jpg,105,10,116,19,11,9,0,1
C_279,../../01.Datasets/processed/images_train/fechas/C_279.jpg,117,10,126,20,9,10,2,3
C_279,../../01.Datasets/processed/images_train/fechas/C_279.jpg,127,10,133,20,6,10,1,2
C_279,../../01.Datasets/processed/images_train/fechas/C_279.jpg,17,9,136,21,119,12,date,12
C_280,../../01.Datasets/processed/images_train/fechas/C_280.jpg,26,10,36,18,10,8,0,1
C_280,../../01.Datasets/processed/images_train/fechas/C_280.jpg,38,10,46,19,8,9,2,3
C_280,../../01.Datasets/processed/images_train/fechas/C_280.jpg,45,10,52,17,7,7,-,11
C_280,../../01.Datasets/processed/images_train/fechas/C_280.jpg,56,10,66,18,10,8,0,1
C_280,../../01.Datasets/processed/images_train/fechas/C_280.jpg,67,10,73,19,6,9,5,6
C_280,../../01.Datasets/processed/images_train/fechas/C_280.jpg,75,12,83,17,8,5,-,11
C_280,../../01.Datasets/processed/images_train/fechas/C_280.jpg,87,9,94,19,7,10,2,3
C_280,../../01.Datasets/processed/images_train/fechas/C_280.jpg,95,9,104,18,9,9,0,1
C_280,../../01.Datasets/processed/images_train/fechas/C_280.jpg,104,9,115,19,11,10,2,3
C_280,../../01.Datasets/processed/images_train/fechas/C_280.jpg,114,9,123,20,9,11,1,2
C_280,../../01.Datasets/processed/images_train/fechas/C_280.jpg,25,7,127,22,102,15,date,12
C_281,../../01.Datasets/processed/images_train/fechas/C_281.jpg,41,9,47,20,6,11,1,2
C_281,../../01.Datasets/processed/images_train/fechas/C_281.jpg,47,9,53,20,6,11,1,2
C_281,../../01.Datasets/processed/images_train/fechas/C_281.jpg,54,10,59,18,5,8,-,11
C_281,../../01.Datasets/processed/images_train/fechas/C_281.jpg,61,9,67,19,6,10,0,1
C_281,../../01.Datasets/processed/images_train/fechas/C_281.jpg,68,9,74,18,6,9,5,6
C_281,../../01.Datasets/processed/images_train/fechas/C_281.jpg,75,10,83,17,8,7,-,11
C_281,../../01.Datasets/processed/images_train/fechas/C_281.jpg,82,9,88,19,6,10,2,3
C_281,../../01.Datasets/processed/images_train/fechas/C_281.jpg,89,10,97,19,8,9,0,1
C_281,../../01.Datasets/processed/images_train/fechas/C_281.jpg,98,10,104,20,6,10,2,3
C_281,../../01.Datasets/processed/images_train/fechas/C_281.jpg,104,10,110,20,6,10,1,2
C_281,../../01.Datasets/processed/images_train/fechas/C_281.jpg,38,7,114,22,76,15,date,12
C_283,../../01.Datasets/processed/images_train/fechas/C_283.jpg,25,10,36,20,11,10,2,3
C_283,../../01.Datasets/processed/images_train/fechas/C_283.jpg,36,10,47,21,11,11,5,6
C_283,../../01.Datasets/processed/images_train/fechas/C_283.jpg,49,10,59,18,10,8,-,11
C_283,../../01.Datasets/processed/images_train/fechas/C_283.jpg,64,10,76,20,12,10,0,1
C_283,../../01.Datasets/processed/images_train/fechas/C_283.jpg,75,10,89,20,14,10,4,5
C_283,../../01.Datasets/processed/images_train/fechas/C_283.jpg,90,10,100,18,10,8,-,11
C_283,../../01.Datasets/processed/images_train/fechas/C_283.jpg,104,9,115,19,11,10,2,3
C_283,../../01.Datasets/processed/images_train/fechas/C_283.jpg,118,9,129,19,11,10,0,1
C_283,../../01.Datasets/processed/images_train/fechas/C_283.jpg,133,8,144,17,11,9,2,3
C_283,../../01.Datasets/processed/images_train/fechas/C_283.jpg,147,8,158,19,11,11,1,2
C_283,../../01.Datasets/processed/images_train/fechas/C_283.jpg,23,6,162,22,139,16,date,12
C_284,../../01.Datasets/processed/images_train/fechas/C_284.jpg,24,12,32,20,8,8,0,1
C_284,../../01.Datasets/processed/images_train/fechas/C_284.jpg,32,12,39,21,7,9,1,2
C_284,../../01.Datasets/processed/images_train/fechas/C_284.jpg,41,12,49,19,8,7,-,11
C_284,../../01.Datasets/processed/images_train/fechas/C_284.jpg,51,12,62,20,11,8,0,1
C_284,../../01.Datasets/processed/images_train/fechas/C_284.jpg,62,10,73,19,11,9,6,7
C_284,../../01.Datasets/processed/images_train/fechas/C_284.jpg,75,12,83,18,8,6,-,11
C_284,../../01.Datasets/processed/images_train/fechas/C_284.jpg,87,10,98,20,11,10,2,3
C_284,../../01.Datasets/processed/images_train/fechas/C_284.jpg,97,10,107,20,10,10,0,1
C_284,../../01.Datasets/processed/images_train/fechas/C_284.jpg,108,10,117,20,9,10,2,3
C_284,../../01.Datasets/processed/images_train/fechas/C_284.jpg,117,10,124,21,7,11,1,2
C_284,../../01.Datasets/processed/images_train/fechas/C_284.jpg,22,8,129,23,107,15,date,12
C_285,../../01.Datasets/processed/images_train/fechas/C_285.jpg,25,9,36,19,11,10,0,1
C_285,../../01.Datasets/processed/images_train/fechas/C_285.jpg,35,9,44,20,9,11,5,6
C_285,../../01.Datasets/processed/images_train/fechas/C_285.jpg,44,10,53,18,9,8,-,11
C_285,../../01.Datasets/processed/images_train/fechas/C_285.jpg,59,9,69,18,10,9,0,1
C_285,../../01.Datasets/processed/images_train/fechas/C_285.jpg,70,9,82,19,12,10,8,9
C_285,../../01.Datasets/processed/images_train/fechas/C_285.jpg,86,9,96,17,10,8,-,11
C_285,../../01.Datasets/processed/images_train/fechas/C_285.jpg,99,8,109,19,10,11,2,3
C_285,../../01.Datasets/processed/images_train/fechas/C_285.jpg,111,9,122,19,11,10,0,1
C_285,../../01.Datasets/processed/images_train/fechas/C_285.jpg,123,8,131,20,8,12,2,3
C_285,../../01.Datasets/processed/images_train/fechas/C_285.jpg,131,8,140,20,9,12,1,2
C_285,../../01.Datasets/processed/images_train/fechas/C_285.jpg,22,6,142,21,120,15,date,12
C_288,../../01.Datasets/processed/images_train/fechas/C_288.jpg,22,8,32,19,10,11,6,7
C_288,../../01.Datasets/processed/images_train/fechas/C_288.jpg,32,10,42,18,10,8,-,11
C_288,../../01.Datasets/processed/images_train/fechas/C_288.jpg,43,9,58,20,15,11,7,8
C_288,../../01.Datasets/processed/images_train/fechas/C_288.jpg,60,10,69,16,9,6,-,11
C_288,../../01.Datasets/processed/images_train/fechas/C_288.jpg,73,9,83,18,10,9,2,3
C_288,../../01.Datasets/processed/images_train/fechas/C_288.jpg,82,8,93,18,11,10,0,1
C_288,../../01.Datasets/processed/images_train/fechas/C_288.jpg,94,8,103,19,9,11,2,3
C_288,../../01.Datasets/processed/images_train/fechas/C_288.jpg,103,8,110,19,7,11,1,2
C_288,../../01.Datasets/processed/images_train/fechas/C_288.jpg,18,6,112,21,94,15,date,12
C_289,../../01.Datasets/processed/images_train/fechas/C_289.jpg,35,9,44,19,9,10,0,1
C_289,../../01.Datasets/processed/images_train/fechas/C_289.jpg,45,9,51,19,6,10,6,7
C_289,../../01.Datasets/processed/images_train/fechas/C_289.jpg,52,10,59,18,7,8,-,11
C_289,../../01.Datasets/processed/images_train/fechas/C_289.jpg,59,10,66,19,7,9,0,1
C_289,../../01.Datasets/processed/images_train/fechas/C_289.jpg,66,10,76,20,10,10,6,7
C_289,../../01.Datasets/processed/images_train/fechas/C_289.jpg,77,10,85,19,8,9,-,11
C_289,../../01.Datasets/processed/images_train/fechas/C_289.jpg,85,10,91,21,6,11,2,3
C_289,../../01.Datasets/processed/images_train/fechas/C_289.jpg,92,10,100,21,8,11,0,1
C_289,../../01.Datasets/processed/images_train/fechas/C_289.jpg,99,10,105,21,6,11,2,3
C_289,../../01.Datasets/processed/images_train/fechas/C_289.jpg,105,10,111,21,6,11,1,2
C_289,../../01.Datasets/processed/images_train/fechas/C_289.jpg,32,6,115,23,83,17,date,12
C_29,../../01.Datasets/processed/images_train/fechas/C_29.jpg,36,9,145,19,109,10,date,12
C_29,../../01.Datasets/processed/images_train/fechas/C_29.jpg,37,9,48,20,11,11,1,2
C_29,../../01.Datasets/processed/images_train/fechas/C_29.jpg,48,9,59,20,11,11,7,8
C_29,../../01.Datasets/processed/images_train/fechas/C_29.jpg,60,12,69,17,9,5,-,11
C_29,../../01.Datasets/processed/images_train/fechas/C_29.jpg,70,9,82,20,12,11,0,1
C_29,../../01.Datasets/processed/images_train/fechas/C_29.jpg,82,9,94,20,12,11,6,7
C_29,../../01.Datasets/processed/images_train/fechas/C_29.jpg,94,11,104,17,10,6,-,11
C_29,../../01.Datasets/processed/images_train/fechas/C_29.jpg,105,9,116,20,11,11,2,3
C_29,../../01.Datasets/processed/images_train/fechas/C_29.jpg,116,9,126,20,10,11,0,1
C_29,../../01.Datasets/processed/images_train/fechas/C_29.jpg,125,9,136,19,11,10,2,3
C_29,../../01.Datasets/processed/images_train/fechas/C_29.jpg,137,9,145,20,8,11,1,2
C_291,../../01.Datasets/processed/images_train/fechas/C_291.jpg,42,8,48,18,6,10,2,3
C_291,../../01.Datasets/processed/images_train/fechas/C_291.jpg,49,8,57,20,8,12,6,7
C_291,../../01.Datasets/processed/images_train/fechas/C_291.jpg,56,6,63,17,7,11,-,11
C_291,../../01.Datasets/processed/images_train/fechas/C_291.jpg,63,7,72,18,9,11,0,1
C_291,../../01.Datasets/processed/images_train/fechas/C_291.jpg,73,8,79,19,6,11,1,2
C_291,../../01.Datasets/processed/images_train/fechas/C_291.jpg,79,7,86,16,7,9,-,11
C_291,../../01.Datasets/processed/images_train/fechas/C_291.jpg,86,8,95,18,9,10,2,3
C_291,../../01.Datasets/processed/images_train/fechas/C_291.jpg,96,9,102,18,6,9,0,1
C_291,../../01.Datasets/processed/images_train/fechas/C_291.jpg,103,9,110,18,7,9,2,3
C_291,../../01.Datasets/processed/images_train/fechas/C_291.jpg,110,9,116,19,6,10,1,2
C_291,../../01.Datasets/processed/images_train/fechas/C_291.jpg,38,6,120,22,82,16,date,12
C_292,../../01.Datasets/processed/images_train/fechas/C_292.jpg,32,9,41,19,9,10,2,3
C_292,../../01.Datasets/processed/images_train/fechas/C_292.jpg,41,9,49,20,8,11,7,8
C_292,../../01.Datasets/processed/images_train/fechas/C_292.jpg,49,9,58,17,9,8,-,11
C_292,../../01.Datasets/processed/images_train/fechas/C_292.jpg,58,9,65,18,7,9,0,1
C_292,../../01.Datasets/processed/images_train/fechas/C_292.jpg,65,9,74,18,9,9,5,6
C_292,../../01.Datasets/processed/images_train/fechas/C_292.jpg,73,10,80,18,7,8,-,11
C_292,../../01.Datasets/processed/images_train/fechas/C_292.jpg,81,9,89,20,8,11,2,3
C_292,../../01.Datasets/processed/images_train/fechas/C_292.jpg,90,9,96,20,6,11,0,1
C_292,../../01.Datasets/processed/images_train/fechas/C_292.jpg,96,9,102,20,6,11,2,3
C_292,../../01.Datasets/processed/images_train/fechas/C_292.jpg,102,9,108,20,6,11,1,2
C_292,../../01.Datasets/processed/images_train/fechas/C_292.jpg,30,6,111,21,81,15,date,12
C_294,../../01.Datasets/processed/images_train/fechas/C_294.jpg,34,7,39,18,5,11,1,2
C_294,../../01.Datasets/processed/images_train/fechas/C_294.jpg,40,7,49,19,9,12,2,3
C_294,../../01.Datasets/processed/images_train/fechas/C_294.jpg,49,7,57,16,8,9,-,11
C_294,../../01.Datasets/processed/images_train/fechas/C_294.jpg,57,8,65,17,8,9,0,1
C_294,../../01.Datasets/processed/images_train/fechas/C_294.jpg,65,8,74,17,9,9,6,7
C_294,../../01.Datasets/processed/images_train/fechas/C_294.jpg,75,8,83,17,8,9,-,11
C_294,../../01.Datasets/processed/images_train/fechas/C_294.jpg,86,8,93,19,7,11,2,3
C_294,../../01.Datasets/processed/images_train/fechas/C_294.jpg,93,8,103,18,10,10,0,1
C_294,../../01.Datasets/processed/images_train/fechas/C_294.jpg,103,8,110,19,7,11,2,3
C_294,../../01.Datasets/processed/images_train/fechas/C_294.jpg,109,8,117,19,8,11,1,2
C_294,../../01.Datasets/processed/images_train/fechas/C_294.jpg,32,6,120,21,88,15,date,12
C_295,../../01.Datasets/processed/images_train/fechas/C_295.jpg,47,8,53,17,6,9,1,2
C_295,../../01.Datasets/processed/images_train/fechas/C_295.jpg,53,8,59,18,6,10,1,2
C_295,../../01.Datasets/processed/images_train/fechas/C_295.jpg,60,11,63,17,3,6,-,11
C_295,../../01.Datasets/processed/images_train/fechas/C_295.jpg,64,9,72,16,8,7,0,1
C_295,../../01.Datasets/processed/images_train/fechas/C_295.jpg,73,9,79,18,6,9,2,3
C_295,../../01.Datasets/processed/images_train/fechas/C_295.jpg,79,12,85,18,6,6,-,11
C_295,../../01.Datasets/processed/images_train/fechas/C_295.jpg,86,8,93,17,7,9,2,3
C_295,../../01.Datasets/processed/images_train/fechas/C_295.jpg,92,9,101,18,9,9,1,2
C_295,../../01.Datasets/processed/images_train/fechas/C_295.jpg,46,7,105,21,59,14,date,12
C_296,../../01.Datasets/processed/images_train/fechas/C_296.jpg,41,8,49,19,8,11,2,3
C_296,../../01.Datasets/processed/images_train/fechas/C_296.jpg,49,8,59,19,10,11,9,10
C_296,../../01.Datasets/processed/images_train/fechas/C_296.jpg,62,11,72,17,10,6,-,11
C_296,../../01.Datasets/processed/images_train/fechas/C_296.jpg,71,9,82,19,11,10,0,1
C_296,../../01.Datasets/processed/images_train/fechas/C_296.jpg,82,9,93,20,11,11,5,6
C_296,../../01.Datasets/processed/images_train/fechas/C_296.jpg,97,10,106,17,9,7,-,11
C_296,../../01.Datasets/processed/images_train/fechas/C_296.jpg,109,9,116,19,7,10,2,3
C_296,../../01.Datasets/processed/images_train/fechas/C_296.jpg,116,10,125,19,9,9,0,1
C_296,../../01.Datasets/processed/images_train/fechas/C_296.jpg,124,9,135,19,11,10,2,3
C_296,../../01.Datasets/processed/images_train/fechas/C_296.jpg,134,9,142,20,8,11,1,2
C_296,../../01.Datasets/processed/images_train/fechas/C_296.jpg,39,6,146,21,107,15,date,12
C_3,../../01.Datasets/processed/images_train/fechas/C_3.jpg,21,9,103,20,82,11,date,12
C_3,../../01.Datasets/processed/images_train/fechas/C_3.jpg,21,9,30,19,9,10,0,1
C_3,../../01.Datasets/processed/images_train/fechas/C_3.jpg,31,10,40,19,9,9,3,4
C_3,../../01.Datasets/processed/images_train/fechas/C_3.jpg,41,11,49,16,8,5,-,11
C_3,../../01.Datasets/processed/images_train/fechas/C_3.jpg,49,9,58,19,9,10,0,1
C_3,../../01.Datasets/processed/images_train/fechas/C_3.jpg,58,9,66,20,8,11,7,8
C_3,../../01.Datasets/processed/images_train/fechas/C_3.jpg,67,12,73,16,6,4,-,11
C_3,../../01.Datasets/processed/images_train/fechas/C_3.jpg,73,9,80,20,7,11,2,3
C_3,../../01.Datasets/processed/images_train/fechas/C_3.jpg,81,9,87,20,6,11,0,1
C_3,../../01.Datasets/processed/images_train/fechas/C_3.jpg,87,9,94,20,7,11,2,3
C_3,../../01.Datasets/processed/images_train/fechas/C_3.jpg,94,10,103,20,9,10,1,2
C_300,../../01.Datasets/processed/images_train/fechas/C_300.jpg,33,9,41,19,8,10,2,3
C_300,../../01.Datasets/processed/images_train/fechas/C_300.jpg,41,9,49,20,8,11,2,3
C_300,../../01.Datasets/processed/images_train/fechas/C_300.jpg,50,9,56,17,6,8,-,11
C_300,../../01.Datasets/processed/images_train/fechas/C_300.jpg,56,9,62,18,6,9,0,1
C_300,../../01.Datasets/processed/images_train/fechas/C_300.jpg,62,9,69,19,7,10,7,8
C_300,../../01.Datasets/processed/images_train/fechas/C_300.jpg,70,10,76,17,6,7,-,11
C_300,../../01.Datasets/processed/images_train/fechas/C_300.jpg,76,10,83,19,7,9,2,3
C_300,../../01.Datasets/processed/images_train/fechas/C_300.jpg,84,10,90,19,6,9,0,1
C_300,../../01.Datasets/processed/images_train/fechas/C_300.jpg,90,10,97,20,7,10,2,3
C_300,../../01.Datasets/processed/images_train/fechas/C_300.jpg,98,10,104,20,6,10,1,2
C_300,../../01.Datasets/processed/images_train/fechas/C_300.jpg,32,6,107,21,75,15,date,12
C_303,../../01.Datasets/processed/images_train/fechas/C_303.jpg,33,12,41,21,8,9,1,2
C_303,../../01.Datasets/processed/images_train/fechas/C_303.jpg,42,12,53,22,11,10,3,4
C_303,../../01.Datasets/processed/images_train/fechas/C_303.jpg,52,12,61,18,9,6,-,11
C_303,../../01.Datasets/processed/images_train/fechas/C_303.jpg,62,11,72,20,10,9,0,1
C_303,../../01.Datasets/processed/images_train/fechas/C_303.jpg,71,11,82,20,11,9,5,6
C_303,../../01.Datasets/processed/images_train/fechas/C_303.jpg,82,11,88,17,6,6,-,11
C_303,../../01.Datasets/processed/images_train/fechas/C_303.jpg,88,10,99,19,11,9,2,3
C_303,../../01.Datasets/processed/images_train/fechas/C_303.jpg,99,10,110,19,11,9,0,1
C_303,../../01.Datasets/processed/images_train/fechas/C_303.jpg,110,10,120,19,10,9,2,3
C_303,../../01.Datasets/processed/images_train/fechas/C_303.jpg,119,10,130,19,11,9,1,2
C_303,../../01.Datasets/processed/images_train/fechas/C_303.jpg,32,9,137,22,105,13,date,12
C_304,../../01.Datasets/processed/images_train/fechas/C_304.jpg,35,11,43,20,8,9,1,2
C_304,../../01.Datasets/processed/images_train/fechas/C_304.jpg,43,10,53,21,10,11,9,10
C_304,../../01.Datasets/processed/images_train/fechas/C_304.jpg,52,11,62,16,10,5,-,11
C_304,../../01.Datasets/processed/images_train/fechas/C_304.jpg,62,9,73,20,11,11,0,1
C_304,../../01.Datasets/processed/images_train/fechas/C_304.jpg,74,9,83,20,9,11,5,6
C_304,../../01.Datasets/processed/images_train/fechas/C_304.jpg,86,9,94,16,8,7,-,11
C_304,../../01.Datasets/processed/images_train/fechas/C_304.jpg,95,8,104,19,9,11,2,3
C_304,../../01.Datasets/processed/images_train/fechas/C_304.jpg,104,9,115,18,11,9,0,1
C_304,../../01.Datasets/processed/images_train/fechas/C_304.jpg,114,9,123,19,9,10,2,3
C_304,../../01.Datasets/processed/images_train/fechas/C_304.jpg,123,9,131,19,8,10,1,2
C_304,../../01.Datasets/processed/images_train/fechas/C_304.jpg,32,7,133,22,101,15,date,12
C_305,../../01.Datasets/processed/images_train/fechas/C_305.jpg,33,9,44,20,11,11,2,3
C_305,../../01.Datasets/processed/images_train/fechas/C_305.jpg,43,9,54,20,11,11,6,7
C_305,../../01.Datasets/processed/images_train/fechas/C_305.jpg,56,12,67,17,11,5,-,11
C_305,../../01.Datasets/processed/images_train/fechas/C_305.jpg,68,9,79,18,11,9,0,1
C_305,../../01.Datasets/processed/images_train/fechas/C_305.jpg,79,9,91,18,12,9,2,3
C_305,../../01.Datasets/processed/images_train/fechas/C_305.jpg,31,7,97,21,66,14,date,12
C_307,../../01.Datasets/processed/images_train/fechas/C_307.jpg,40,10,49,19,9,9,2,3
C_307,../../01.Datasets/processed/images_train/fechas/C_307.jpg,49,9,58,19,9,10,3,4
C_307,../../01.Datasets/processed/images_train/fechas/C_307.jpg,60,9,69,16,9,7,-,11
C_307,../../01.Datasets/processed/images_train/fechas/C_307.jpg,74,9,85,19,11,10,0,1
C_307,../../01.Datasets/processed/images_train/fechas/C_307.jpg,85,9,96,19,11,10,3,4
C_307,../../01.Datasets/processed/images_train/fechas/C_307.jpg,99,9,108,15,9,6,-,11
C_307,../../01.Datasets/processed/images_train/fechas/C_307.jpg,107,8,118,17,11,9,2,3
C_307,../../01.Datasets/processed/images_train/fechas/C_307.jpg,119,7,128,18,9,11,0,1
C_307,../../01.Datasets/processed/images_train/fechas/C_307.jpg,127,8,139,18,12,10,2,3
C_307,../../01.Datasets/processed/images_train/fechas/C_307.jpg,140,9,148,17,8,8,1,2
C_307,../../01.Datasets/processed/images_train/fechas/C_307.jpg,36,7,151,21,115,14,date,12
C_308,../../01.Datasets/processed/images_train/fechas/C_308.jpg,38,10,46,21,8,11,1,2
C_308,../../01.Datasets/processed/images_train/fechas/C_308.jpg,46,10,61,21,15,11,8,9
C_308,../../01.Datasets/processed/images_train/fechas/C_308.jpg,65,11,75,17,10,6,-,11
C_308,../../01.Datasets/processed/images_train/fechas/C_308.jpg,76,11,87,20,11,9,0,1
C_308,../../01.Datasets/processed/images_train/fechas/C_308.jpg,87,10,98,18,11,8,4,5
C_308,../../01.Datasets/processed/images_train/fechas/C_308.jpg,102,11,113,16,11,5,-,11
C_308,../../01.Datasets/processed/images_train/fechas/C_308.jpg,114,8,123,18,9,10,2,3
C_308,../../01.Datasets/processed/images_train/fechas/C_308.jpg,122,8,133,18,11,10,0,1
C_308,../../01.Datasets/processed/images_train/fechas/C_308.jpg,133,8,143,19,10,11,2,3
C_308,../../01.Datasets/processed/images_train/fechas/C_308.jpg,143,7,151,18,8,11,1,2
C_308,../../01.Datasets/processed/images_train/fechas/C_308.jpg,36,6,155,23,119,17,date,12
C_309,../../01.Datasets/processed/images_train/fechas/C_309.jpg,34,9,45,20,11,11,6,7
C_309,../../01.Datasets/processed/images_train/fechas/C_309.jpg,45,9,56,18,11,9,-,11
C_309,../../01.Datasets/processed/images_train/fechas/C_309.jpg,56,9,67,20,11,11,2,3
C_309,../../01.Datasets/processed/images_train/fechas/C_309.jpg,66,9,76,20,10,11,7,8
C_309,../../01.Datasets/processed/images_train/fechas/C_309.jpg,77,11,86,17,9,6,-,11
C_309,../../01.Datasets/processed/images_train/fechas/C_309.jpg,89,10,97,19,8,9,2,3
C_309,../../01.Datasets/processed/images_train/fechas/C_309.jpg,97,10,107,19,10,9,0,1
C_309,../../01.Datasets/processed/images_train/fechas/C_309.jpg,108,11,117,21,9,10,2,3
C_309,../../01.Datasets/processed/images_train/fechas/C_309.jpg,117,11,125,20,8,9,1,2
C_309,../../01.Datasets/processed/images_train/fechas/C_309.jpg,31,8,127,23,96,15,date,12
C_31,../../01.Datasets/processed/images_train/fechas/C_31.jpg,41,5,140,15,99,10,date,12
C_31,../../01.Datasets/processed/images_train/fechas/C_31.jpg,41,5,53,15,12,10,0,1
C_31,../../01.Datasets/processed/images_train/fechas/C_31.jpg,52,5,62,15,10,10,9,10
C_31,../../01.Datasets/processed/images_train/fechas/C_31.jpg,63,7,71,12,8,5,-,11
C_31,../../01.Datasets/processed/images_train/fechas/C_31.jpg,71,5,82,15,11,10,0,1
C_31,../../01.Datasets/processed/images_train/fechas/C_31.jpg,82,5,93,16,11,11,5,6
C_31,../../01.Datasets/processed/images_train/fechas/C_31.jpg,93,8,104,12,11,4,-,11
C_31,../../01.Datasets/processed/images_train/fechas/C_31.jpg,103,5,112,15,9,10,2,3
C_31,../../01.Datasets/processed/images_train/fechas/C_31.jpg,113,5,123,15,10,10,0,1
C_31,../../01.Datasets/processed/images_train/fechas/C_31.jpg,122,5,133,16,11,11,2,3
C_31,../../01.Datasets/processed/images_train/fechas/C_31.jpg,132,5,140,15,8,10,1,2
C_313,../../01.Datasets/processed/images_train/fechas/C_313.jpg,44,10,56,21,12,11,0,1
C_313,../../01.Datasets/processed/images_train/fechas/C_313.jpg,56,10,67,21,11,11,9,10
C_313,../../01.Datasets/processed/images_train/fechas/C_313.jpg,66,10,76,19,10,9,-,11
C_313,../../01.Datasets/processed/images_train/fechas/C_313.jpg,76,10,87,19,11,9,0,1
C_313,../../01.Datasets/processed/images_train/fechas/C_313.jpg,87,9,98,20,11,11,5,6
C_313,../../01.Datasets/processed/images_train/fechas/C_313.jpg,101,10,109,16,8,6,-,11
C_313,../../01.Datasets/processed/images_train/fechas/C_313.jpg,111,9,120,20,9,11,2,3
C_313,../../01.Datasets/processed/images_train/fechas/C_313.jpg,119,9,130,20,11,11,0,1
C_313,../../01.Datasets/processed/images_train/fechas/C_313.jpg,130,10,140,19,10,9,2,3
C_313,../../01.Datasets/processed/images_train/fechas/C_313.jpg,140,10,147,19,7,9,1,2
C_313,../../01.Datasets/processed/images_train/fechas/C_313.jpg,42,9,150,23,108,14,date,12
C_314,../../01.Datasets/processed/images_train/fechas/C_314.jpg,42,9,53,19,11,10,0,1
C_314,../../01.Datasets/processed/images_train/fechas/C_314.jpg,53,9,64,21,11,12,8,9
C_314,../../01.Datasets/processed/images_train/fechas/C_314.jpg,68,9,77,16,9,7,-,11
C_314,../../01.Datasets/processed/images_train/fechas/C_314.jpg,77,9,86,19,9,10,0,1
C_314,../../01.Datasets/processed/images_train/fechas/C_314.jpg,86,8,94,18,8,10,3,4
C_314,../../01.Datasets/processed/images_train/fechas/C_314.jpg,97,9,106,15,9,6,-,11
C_314,../../01.Datasets/processed/images_train/fechas/C_314.jpg,110,7,120,18,10,11,2,3
C_314,../../01.Datasets/processed/images_train/fechas/C_314.jpg,119,8,130,17,11,9,0,1
C_314,../../01.Datasets/processed/images_train/fechas/C_314.jpg,130,8,140,17,10,9,2,3
C_314,../../01.Datasets/processed/images_train/fechas/C_314.jpg,139,8,150,18,11,10,1,2
C_314,../../01.Datasets/processed/images_train/fechas/C_314.jpg,39,6,153,23,114,17,date,12
C_317,../../01.Datasets/processed/images_train/fechas/C_317.jpg,37,10,46,21,9,11,1,2
C_317,../../01.Datasets/processed/images_train/fechas/C_317.jpg,45,9,56,21,11,12,3,4
C_317,../../01.Datasets/processed/images_train/fechas/C_317.jpg,59,10,69,17,10,7,-,11
C_317,../../01.Datasets/processed/images_train/fechas/C_317.jpg,68,10,79,19,11,9,0,1
C_317,../../01.Datasets/processed/images_train/fechas/C_317.jpg,79,11,90,20,11,9,5,6
C_317,../../01.Datasets/processed/images_train/fechas/C_317.jpg,92,11,100,17,8,6,-,11
C_317,../../01.Datasets/processed/images_train/fechas/C_317.jpg,102,10,113,19,11,9,2,3
C_317,../../01.Datasets/processed/images_train/fechas/C_317.jpg,113,10,124,19,11,9,0,1
C_317,../../01.Datasets/processed/images_train/fechas/C_317.jpg,123,10,132,19,9,9,2,3
C_317,../../01.Datasets/processed/images_train/fechas/C_317.jpg,133,10,144,19,11,9,1,2
C_317,../../01.Datasets/processed/images_train/fechas/C_317.jpg,34,8,147,23,113,15,date,12
C_318,../../01.Datasets/processed/images_train/fechas/C_318.jpg,37,8,48,18,11,10,0,1
C_318,../../01.Datasets/processed/images_train/fechas/C_318.jpg,48,8,59,19,11,11,4,5
C_318,../../01.Datasets/processed/images_train/fechas/C_318.jpg,60,11,69,17,9,6,-,11
C_318,../../01.Datasets/processed/images_train/fechas/C_318.jpg,70,8,82,17,12,9,0,1
C_318,../../01.Datasets/processed/images_train/fechas/C_318.jpg,82,7,93,16,11,9,5,6
C_318,../../01.Datasets/processed/images_train/fechas/C_318.jpg,95,9,103,15,8,6,-,11
C_318,../../01.Datasets/processed/images_train/fechas/C_318.jpg,109,7,117,16,8,9,2,3
C_318,../../01.Datasets/processed/images_train/fechas/C_318.jpg,117,7,126,16,9,9,0,1
C_318,../../01.Datasets/processed/images_train/fechas/C_318.jpg,127,6,137,17,10,11,2,3
C_318,../../01.Datasets/processed/images_train/fechas/C_318.jpg,136,7,147,18,11,11,1,2
C_318,../../01.Datasets/processed/images_train/fechas/C_318.jpg,35,7,151,21,116,14,date,12
C_319,../../01.Datasets/processed/images_train/fechas/C_319.jpg,38,12,50,20,12,8,4,5
C_319,../../01.Datasets/processed/images_train/fechas/C_319.jpg,53,10,65,18,12,8,-,11
C_319,../../01.Datasets/processed/images_train/fechas/C_319.jpg,66,10,76,20,10,10,2,3
C_319,../../01.Datasets/processed/images_train/fechas/C_319.jpg,76,10,89,20,13,10,8,9
C_319,../../01.Datasets/processed/images_train/fechas/C_319.jpg,92,9,100,16,8,7,-,11
C_319,../../01.Datasets/processed/images_train/fechas/C_319.jpg,100,10,110,20,10,10,2,3
C_319,../../01.Datasets/processed/images_train/fechas/C_319.jpg,110,10,121,21,11,11,0,1
C_319,../../01.Datasets/processed/images_train/fechas/C_319.jpg,120,10,129,20,9,10,2,3
C_319,../../01.Datasets/processed/images_train/fechas/C_319.jpg,130,10,141,20,11,10,1,2
C_319,../../01.Datasets/processed/images_train/fechas/C_319.jpg,36,9,144,22,108,13,date,12
C_32,../../01.Datasets/processed/images_train/fechas/C_32.jpg,45,8,147,20,102,12,date,12
C_32,../../01.Datasets/processed/images_train/fechas/C_32.jpg,45,8,57,20,12,12,0,1
C_32,../../01.Datasets/processed/images_train/fechas/C_32.jpg,57,8,68,20,11,12,8,9
C_32,../../01.Datasets/processed/images_train/fechas/C_32.jpg,69,11,77,16,8,5,-,11
C_32,../../01.Datasets/processed/images_train/fechas/C_32.jpg,76,8,87,20,11,12,0,1
C_32,../../01.Datasets/processed/images_train/fechas/C_32.jpg,86,7,96,21,10,14,1,2
C_32,../../01.Datasets/processed/images_train/fechas/C_32.jpg,98,10,106,16,8,6,-,11
C_32,../../01.Datasets/processed/images_train/fechas/C_32.jpg,106,8,115,20,9,12,2,3
C_32,../../01.Datasets/processed/images_train/fechas/C_32.jpg,116,8,125,20,9,12,0,1
C_32,../../01.Datasets/processed/images_train/fechas/C_32.jpg,124,9,135,20,11,11,2,3
C_32,../../01.Datasets/processed/images_train/fechas/C_32.jpg,134,8,143,20,9,12,1,2
C_321,../../01.Datasets/processed/images_train/fechas/C_321.jpg,43,10,53,18,10,8,0,1
C_321,../../01.Datasets/processed/images_train/fechas/C_321.jpg,54,10,65,19,11,9,7,8
C_321,../../01.Datasets/processed/images_train/fechas/C_321.jpg,65,10,75,16,10,6,-,11
C_321,../../01.Datasets/processed/images_train/fechas/C_321.jpg,75,10,87,18,12,8,0,1
C_321,../../01.Datasets/processed/images_train/fechas/C_321.jpg,87,10,98,17,11,7,7,8
C_321,../../01.Datasets/processed/images_train/fechas/C_321.jpg,100,10,109,16,9,6,-,11
C_321,../../01.Datasets/processed/images_train/fechas/C_321.jpg,111,8,122,18,11,10,2,3
C_321,../../01.Datasets/processed/images_train/fechas/C_321.jpg,123,8,131,19,8,11,0,1
C_321,../../01.Datasets/processed/images_train/fechas/C_321.jpg,131,8,141,18,10,10,2,3
C_321,../../01.Datasets/processed/images_train/fechas/C_321.jpg,141,8,147,19,6,11,1,2
C_321,../../01.Datasets/processed/images_train/fechas/C_321.jpg,42,6,150,22,108,16,date,12
C_322,../../01.Datasets/processed/images_train/fechas/C_322.jpg,32,12,41,22,9,10,1,2
C_322,../../01.Datasets/processed/images_train/fechas/C_322.jpg,42,12,53,22,11,10,7,8
C_322,../../01.Datasets/processed/images_train/fechas/C_322.jpg,57,12,68,19,11,7,-,11
C_322,../../01.Datasets/processed/images_train/fechas/C_322.jpg,67,12,80,21,13,9,0,1
C_322,../../01.Datasets/processed/images_train/fechas/C_322.jpg,81,12,92,21,11,9,6,7
C_322,../../01.Datasets/processed/images_train/fechas/C_322.jpg,94,12,104,18,10,6,-,11
C_322,../../01.Datasets/processed/images_train/fechas/C_322.jpg,114,10,123,21,9,11,2,3
C_322,../../01.Datasets/processed/images_train/fechas/C_322.jpg,123,13,132,20,9,7,0,1
C_322,../../01.Datasets/processed/images_train/fechas/C_322.jpg,133,12,143,20,10,8,2,3
C_322,../../01.Datasets/processed/images_train/fechas/C_322.jpg,143,12,156,20,13,8,1,2
C_322,../../01.Datasets/processed/images_train/fechas/C_322.jpg,32,10,158,24,126,14,date,12
C_323,../../01.Datasets/processed/images_train/fechas/C_323.jpg,38,9,46,18,8,9,0,1
C_323,../../01.Datasets/processed/images_train/fechas/C_323.jpg,46,9,55,20,9,11,5,6
C_323,../../01.Datasets/processed/images_train/fechas/C_323.jpg,57,11,66,16,9,5,-,11
C_323,../../01.Datasets/processed/images_train/fechas/C_323.jpg,67,9,81,19,14,10,4,5
C_323,../../01.Datasets/processed/images_train/fechas/C_323.jpg,83,10,92,16,9,6,-,11
C_323,../../01.Datasets/processed/images_train/fechas/C_323.jpg,95,9,103,20,8,11,2,3
C_323,../../01.Datasets/processed/images_train/fechas/C_323.jpg,103,9,111,18,8,9,0,1
C_323,../../01.Datasets/processed/images_train/fechas/C_323.jpg,111,9,120,19,9,10,2,3
C_323,../../01.Datasets/processed/images_train/fechas/C_323.jpg,119,9,131,18,12,9,1,2
C_323,../../01.Datasets/processed/images_train/fechas/C_323.jpg,35,6,134,22,99,16,date,12
C_324,../../01.Datasets/processed/images_train/fechas/C_324.jpg,35,11,44,20,9,9,2,3
C_324,../../01.Datasets/processed/images_train/fechas/C_324.jpg,45,11,56,21,11,10,2,3
C_324,../../01.Datasets/processed/images_train/fechas/C_324.jpg,56,12,68,18,12,6,-,11
C_324,../../01.Datasets/processed/images_train/fechas/C_324.jpg,72,10,80,19,8,9,0,1
C_324,../../01.Datasets/processed/images_train/fechas/C_324.jpg,81,10,92,19,11,9,2,3
C_324,../../01.Datasets/processed/images_train/fechas/C_324.jpg,94,11,103,16,9,5,-,11
C_324,../../01.Datasets/processed/images_train/fechas/C_324.jpg,106,10,115,19,9,9,2,3
C_324,../../01.Datasets/processed/images_train/fechas/C_324.jpg,116,10,125,18,9,8,0,1
C_324,../../01.Datasets/processed/images_train/fechas/C_324.jpg,124,10,136,19,12,9,2,3
C_324,../../01.Datasets/processed/images_train/fechas/C_324.jpg,136,10,147,19,11,9,1,2
C_324,../../01.Datasets/processed/images_train/fechas/C_324.jpg,33,8,149,23,116,15,date,12
C_325,../../01.Datasets/processed/images_train/fechas/C_325.jpg,38,11,46,21,8,10,1,2
C_325,../../01.Datasets/processed/images_train/fechas/C_325.jpg,46,11,56,21,10,10,6,7
C_325,../../01.Datasets/processed/images_train/fechas/C_325.jpg,58,12,67,17,9,5,-,11
C_325,../../01.Datasets/processed/images_train/fechas/C_325.jpg,69,10,78,18,9,8,0,1
C_325,../../01.Datasets/processed/images_train/fechas/C_325.jpg,79,9,89,20,10,11,5,6
C_325,../../01.Datasets/processed/images_train/fechas/C_325.jpg,94,11,104,17,10,6,-,11
C_325,../../01.Datasets/processed/images_train/fechas/C_325.jpg,104,9,112,20,8,11,2,3
C_325,../../01.Datasets/processed/images_train/fechas/C_325.jpg,116,11,125,20,9,9,0,1
C_325,../../01.Datasets/processed/images_train/fechas/C_325.jpg,124,10,135,19,11,9,2,3
C_325,../../01.Datasets/processed/images_train/fechas/C_325.jpg,134,11,144,20,10,9,1,2
C_325,../../01.Datasets/processed/images_train/fechas/C_325.jpg,36,8,149,23,113,15,date,12
C_326,../../01.Datasets/processed/images_train/fechas/C_326.jpg,43,11,52,22,9,11,1,2
C_326,../../01.Datasets/processed/images_train/fechas/C_326.jpg,53,9,64,21,11,12,4,5
C_326,../../01.Datasets/processed/images_train/fechas/C_326.jpg,65,10,71,15,6,5,-,11
C_326,../../01.Datasets/processed/images_train/fechas/C_326.jpg,74,9,85,17,11,8,0,1
C_326,../../01.Datasets/processed/images_train/fechas/C_326.jpg,86,8,96,19,10,11,5,6
C_326,../../01.Datasets/processed/images_train/fechas/C_326.jpg,96,10,103,16,7,6,-,11
C_326,../../01.Datasets/processed/images_train/fechas/C_326.jpg,105,8,116,18,11,10,2,3
C_326,../../01.Datasets/processed/images_train/fechas/C_326.jpg,117,8,126,18,9,10,0,1
C_326,../../01.Datasets/processed/images_train/fechas/C_326.jpg,125,8,136,18,11,10,2,3
C_326,../../01.Datasets/processed/images_train/fechas/C_326.jpg,136,8,147,18,11,10,1,2
C_326,../../01.Datasets/processed/images_train/fechas/C_326.jpg,41,6,151,24,110,18,date,12
C_327,../../01.Datasets/processed/images_train/fechas/C_327.jpg,38,11,46,21,8,10,2,3
C_327,../../01.Datasets/processed/images_train/fechas/C_327.jpg,46,11,55,21,9,10,2,3
C_327,../../01.Datasets/processed/images_train/fechas/C_327.jpg,58,13,64,20,6,7,-,11
C_327,../../01.Datasets/processed/images_train/fechas/C_327.jpg,64,12,75,20,11,8,0,1
C_327,../../01.Datasets/processed/images_train/fechas/C_327.jpg,74,11,85,20,11,9,3,4
C_327,../../01.Datasets/processed/images_train/fechas/C_327.jpg,89,13,97,18,8,5,-,11
C_327,../../01.Datasets/processed/images_train/fechas/C_327.jpg,102,10,111,19,9,9,2,3
C_327,../../01.Datasets/processed/images_train/fechas/C_327.jpg,110,10,117,19,7,9,0,1
C_327,../../01.Datasets/processed/images_train/fechas/C_327.jpg,117,10,127,20,10,10,2,3
C_327,../../01.Datasets/processed/images_train/fechas/C_327.jpg,127,9,138,20,11,11,1,2
C_327,../../01.Datasets/processed/images_train/fechas/C_327.jpg,37,6,143,24,106,18,date,12
C_329,../../01.Datasets/processed/images_train/fechas/C_329.jpg,35,10,43,19,8,9,2,3
C_329,../../01.Datasets/processed/images_train/fechas/C_329.jpg,42,10,53,20,11,10,0,1
C_329,../../01.Datasets/processed/images_train/fechas/C_329.jpg,55,11,63,17,8,6,-,11
C_329,../../01.Datasets/processed/images_train/fechas/C_329.jpg,65,9,76,18,11,9,0,1
C_329,../../01.Datasets/processed/images_train/fechas/C_329.jpg,75,8,84,19,9,11,3,4
C_329,../../01.Datasets/processed/images_train/fechas/C_329.jpg,86,9,95,16,9,7,-,11
C_329,../../01.Datasets/processed/images_train/fechas/C_329.jpg,96,8,107,18,11,10,2,3
C_329,../../01.Datasets/processed/images_train/fechas/C_329.jpg,106,8,115,19,9,11,0,1
C_329,../../01.Datasets/processed/images_train/fechas/C_329.jpg,116,8,127,19,11,11,2,3
C_329,../../01.Datasets/processed/images_train/fechas/C_329.jpg,127,8,138,18,11,10,1,2
C_329,../../01.Datasets/processed/images_train/fechas/C_329.jpg,33,6,141,21,108,15,date,12
C_33,../../01.Datasets/processed/images_train/fechas/C_33.jpg,31,8,93,19,62,11,date,12
C_33,../../01.Datasets/processed/images_train/fechas/C_33.jpg,31,8,42,19,11,11,3,4
C_33,../../01.Datasets/processed/images_train/fechas/C_33.jpg,41,9,49,19,8,10,-,11
C_33,../../01.Datasets/processed/images_train/fechas/C_33.jpg,51,8,62,19,11,11,5,6
C_33,../../01.Datasets/processed/images_train/fechas/C_33.jpg,62,9,72,20,10,11,-,11
C_33,../../01.Datasets/processed/images_train/fechas/C_33.jpg,71,9,82,19,11,10,2,3
C_33,../../01.Datasets/processed/images_train/fechas/C_33.jpg,82,8,93,19,11,11,1,2
C_331,../../01.Datasets/processed/images_train/fechas/C_331.jpg,53,11,61,21,8,10,1,2
C_331,../../01.Datasets/processed/images_train/fechas/C_331.jpg,65,10,76,21,11,11,4,5
C_331,../../01.Datasets/processed/images_train/fechas/C_331.jpg,77,13,86,19,9,6,-,11
C_331,../../01.Datasets/processed/images_train/fechas/C_331.jpg,90,10,101,19,11,9,0,1
C_331,../../01.Datasets/processed/images_train/fechas/C_331.jpg,100,10,110,19,10,9,4,5
C_331,../../01.Datasets/processed/images_train/fechas/C_331.jpg,114,12,123,17,9,5,-,11
C_331,../../01.Datasets/processed/images_train/fechas/C_331.jpg,128,10,137,20,9,10,2,3
C_331,../../01.Datasets/processed/images_train/fechas/C_331.jpg,136,11,147,20,11,9,0,1
C_331,../../01.Datasets/processed/images_train/fechas/C_331.jpg,148,10,156,19,8,9,2,3
C_331,../../01.Datasets/processed/images_train/fechas/C_331.jpg,157,11,165,20,8,9,1,2
C_331,../../01.Datasets/processed/images_train/fechas/C_331.jpg,53,9,166,22,113,13,date,12
C_334,../../01.Datasets/processed/images_train/fechas/C_334.jpg,44,14,50,25,6,11,1,2
C_334,../../01.Datasets/processed/images_train/fechas/C_334.jpg,52,14,59,24,7,10,5,6
C_334,../../01.Datasets/processed/images_train/fechas/C_334.jpg,59,17,66,22,7,5,-,11
C_334,../../01.Datasets/processed/images_train/fechas/C_334.jpg,66,16,75,24,9,8,0,1
C_334,../../01.Datasets/processed/images_train/fechas/C_334.jpg,75,16,83,24,8,8,3,4
C_334,../../01.Datasets/processed/images_train/fechas/C_334.jpg,85,18,91,23,6,5,-,11
C_334,../../01.Datasets/processed/images_train/fechas/C_334.jpg,97,15,106,25,9,10,2,3
C_334,../../01.Datasets/processed/images_train/fechas/C_334.jpg,106,15,114,25,8,10,0,1
C_334,../../01.Datasets/processed/images_train/fechas/C_334.jpg,115,14,121,25,6,11,2,3
C_334,../../01.Datasets/processed/images_train/fechas/C_334.jpg,122,15,128,24,6,9,1,2
C_334,../../01.Datasets/processed/images_train/fechas/C_334.jpg,42,12,132,25,90,13,date,12
C_335,../../01.Datasets/processed/images_train/fechas/C_335.jpg,42,8,53,18,11,10,0,1
C_335,../../01.Datasets/processed/images_train/fechas/C_335.jpg,52,9,62,19,10,10,5,6
C_335,../../01.Datasets/processed/images_train/fechas/C_335.jpg,63,11,71,16,8,5,-,11
C_335,../../01.Datasets/processed/images_train/fechas/C_335.jpg,70,10,78,18,8,8,0,1
C_335,../../01.Datasets/processed/images_train/fechas/C_335.jpg,79,9,85,18,6,9,5,6
C_335,../../01.Datasets/processed/images_train/fechas/C_335.jpg,87,10,93,16,6,6,-,11
C_335,../../01.Datasets/processed/images_train/fechas/C_335.jpg,96,9,102,19,6,10,2,3
C_335,../../01.Datasets/processed/images_train/fechas/C_335.jpg,103,9,111,18,8,9,0,1
C_335,../../01.Datasets/processed/images_train/fechas/C_335.jpg,112,9,118,19,6,10,2,3
C_335,../../01.Datasets/processed/images_train/fechas/C_335.jpg,119,9,124,19,5,10,1,2
C_335,../../01.Datasets/processed/images_train/fechas/C_335.jpg,41,7,128,21,87,14,date,12
C_337,../../01.Datasets/processed/images_train/fechas/C_337.jpg,25,8,37,18,12,10,0,1
C_337,../../01.Datasets/processed/images_train/fechas/C_337.jpg,38,7,52,19,14,12,5,6
C_337,../../01.Datasets/processed/images_train/fechas/C_337.jpg,52,7,60,19,8,12,-,11
C_337,../../01.Datasets/processed/images_train/fechas/C_337.jpg,61,6,73,17,12,11,0,1
C_337,../../01.Datasets/processed/images_train/fechas/C_337.jpg,76,7,89,18,13,11,8,9
C_337,../../01.Datasets/processed/images_train/fechas/C_337.jpg,89,6,98,18,9,12,-,11
C_337,../../01.Datasets/processed/images_train/fechas/C_337.jpg,101,7,107,18,6,11,2,3
C_337,../../01.Datasets/processed/images_train/fechas/C_337.jpg,107,7,119,18,12,11,0,1
C_337,../../01.Datasets/processed/images_train/fechas/C_337.jpg,119,7,130,18,11,11,2,3
C_337,../../01.Datasets/processed/images_train/fechas/C_337.jpg,129,7,138,18,9,11,1,2
C_337,../../01.Datasets/processed/images_train/fechas/C_337.jpg,24,6,140,20,116,14,date,12
C_34,../../01.Datasets/processed/images_train/fechas/C_34.jpg,29,10,117,21,88,11,date,12
C_34,../../01.Datasets/processed/images_train/fechas/C_34.jpg,30,10,41,21,11,11,2,3
C_34,../../01.Datasets/processed/images_train/fechas/C_34.jpg,41,10,49,21,8,11,3,4
C_34,../../01.Datasets/processed/images_train/fechas/C_34.jpg,52,13,60,17,8,4,-,11
C_34,../../01.Datasets/processed/images_train/fechas/C_34.jpg,62,11,72,21,10,10,4,5
C_34,../../01.Datasets/processed/images_train/fechas/C_34.jpg,73,12,80,18,7,6,-,11
C_34,../../01.Datasets/processed/images_train/fechas/C_34.jpg,82,10,91,22,9,12,2,3
C_34,../../01.Datasets/processed/images_train/fechas/C_34.jpg,90,10,101,21,11,11,0,1
C_34,../../01.Datasets/processed/images_train/fechas/C_34.jpg,100,10,110,21,10,11,2,3
C_34,../../01.Datasets/processed/images_train/fechas/C_34.jpg,110,10,117,21,7,11,1,2
C_340,../../01.Datasets/processed/images_train/fechas/C_340.jpg,32,8,40,20,8,12,2,3
C_340,../../01.Datasets/processed/images_train/fechas/C_340.jpg,40,7,49,21,9,14,2,3
C_340,../../01.Datasets/processed/images_train/fechas/C_340.jpg,52,11,60,16,8,5,-,11
C_340,../../01.Datasets/processed/images_train/fechas/C_340.jpg,62,10,72,20,10,10,0,1
C_340,../../01.Datasets/processed/images_train/fechas/C_340.jpg,72,9,80,19,8,10,7,8
C_340,../../01.Datasets/processed/images_train/fechas/C_340.jpg,83,11,90,16,7,5,-,11
C_340,../../01.Datasets/processed/images_train/fechas/C_340.jpg,92,9,100,20,8,11,2,3
C_340,../../01.Datasets/processed/images_train/fechas/C_340.jpg,100,9,109,20,9,11,0,1
C_340,../../01.Datasets/processed/images_train/fechas/C_340.jpg,109,9,117,20,8,11,2,3
C_340,../../01.Datasets/processed/images_train/fechas/C_340.jpg,120,8,129,20,9,12,1,2
C_340,../../01.Datasets/processed/images_train/fechas/C_340.jpg,26,6,133,23,107,17,date,12
C_341,../../01.Datasets/processed/images_train/fechas/C_341.jpg,26,10,37,19,11,9,0,1
C_341,../../01.Datasets/processed/images_train/fechas/C_341.jpg,38,8,50,20,12,12,3,4
C_341,../../01.Datasets/processed/images_train/fechas/C_341.jpg,52,10,59,15,7,5,-,11
C_341,../../01.Datasets/processed/images_train/fechas/C_341.jpg,68,9,80,20,12,11,0,1
C_341,../../01.Datasets/processed/images_train/fechas/C_341.jpg,85,8,96,20,11,12,7,8
C_341,../../01.Datasets/processed/images_train/fechas/C_341.jpg,100,11,110,16,10,5,-,11
C_341,../../01.Datasets/processed/images_train/fechas/C_341.jpg,114,7,123,19,9,12,2,3
C_341,../../01.Datasets/processed/images_train/fechas/C_341.jpg,124,9,130,20,6,11,0,1
C_341,../../01.Datasets/processed/images_train/fechas/C_341.jpg,131,8,140,20,9,12,2,3
C_341,../../01.Datasets/processed/images_train/fechas/C_341.jpg,140,9,148,20,8,11,1,2
C_341,../../01.Datasets/processed/images_train/fechas/C_341.jpg,24,5,151,23,127,18,date,12
C_345,../../01.Datasets/processed/images_train/fechas/C_345.jpg,32,8,41,19,9,11,1,2
C_345,../../01.Datasets/processed/images_train/fechas/C_345.jpg,41,8,49,20,8,12,9,10
C_345,../../01.Datasets/processed/images_train/fechas/C_345.jpg,51,10,57,19,6,9,-,11
C_345,../../01.Datasets/processed/images_train/fechas/C_345.jpg,64,11,75,22,11,11,0,1
C_345,../../01.Datasets/processed/images_train/fechas/C_345.jpg,76,8,88,20,12,12,7,8
C_345,../../01.Datasets/processed/images_train/fechas/C_345.jpg,92,11,101,16,9,5,-,11
C_345,../../01.Datasets/processed/images_train/fechas/C_345.jpg,102,8,108,19,6,11,2,3
C_345,../../01.Datasets/processed/images_train/fechas/C_345.jpg,109,8,117,19,8,11,0,1
C_345,../../01.Datasets/processed/images_train/fechas/C_345.jpg,117,6,126,20,9,14,2,3
C_345,../../01.Datasets/processed/images_train/fechas/C_345.jpg,125,8,136,20,11,12,1,2
C_348,../../01.Datasets/processed/images_train/fechas/C_348.jpg,23,9,34,20,11,11,2,3
C_348,../../01.Datasets/processed/images_train/fechas/C_348.jpg,35,9,43,21,8,12,3,4
C_348,../../01.Datasets/processed/images_train/fechas/C_348.jpg,45,13,52,18,7,5,-,11
C_348,../../01.Datasets/processed/images_train/fechas/C_348.jpg,57,10,65,22,8,12,0,1
C_348,../../01.Datasets/processed/images_train/fechas/C_348.jpg,65,10,76,21,11,11,7,8
C_348,../../01.Datasets/processed/images_train/fechas/C_348.jpg,78,10,86,16,8,6,-,11
C_348,../../01.Datasets/processed/images_train/fechas/C_348.jpg,86,9,94,21,8,12,2,3
C_348,../../01.Datasets/processed/images_train/fechas/C_348.jpg,94,10,103,20,9,10,0,1
C_348,../../01.Datasets/processed/images_train/fechas/C_348.jpg,103,9,111,21,8,12,2,3
C_348,../../01.Datasets/processed/images_train/fechas/C_348.jpg,110,8,122,20,12,12,1,2
C_348,../../01.Datasets/processed/images_train/fechas/C_348.jpg,22,6,129,23,107,17,date,12
C_349,../../01.Datasets/processed/images_train/fechas/C_349.jpg,22,7,34,21,12,14,2,3
C_349,../../01.Datasets/processed/images_train/fechas/C_349.jpg,33,9,46,21,13,12,7,8
C_349,../../01.Datasets/processed/images_train/fechas/C_349.jpg,50,10,58,17,8,7,-,11
C_349,../../01.Datasets/processed/images_train/fechas/C_349.jpg,60,9,69,19,9,10,0,1
C_349,../../01.Datasets/processed/images_train/fechas/C_349.jpg,69,8,78,20,9,12,7,8
C_349,../../01.Datasets/processed/images_train/fechas/C_349.jpg,83,11,92,17,9,6,-,11
C_349,../../01.Datasets/processed/images_train/fechas/C_349.jpg,94,8,103,20,9,12,2,3
C_349,../../01.Datasets/processed/images_train/fechas/C_349.jpg,103,8,112,20,9,12,0,1
C_349,../../01.Datasets/processed/images_train/fechas/C_349.jpg,113,8,123,20,10,12,2,3
C_349,../../01.Datasets/processed/images_train/fechas/C_349.jpg,123,8,136,20,13,12,1,2
C_349,../../01.Datasets/processed/images_train/fechas/C_349.jpg,18,6,140,23,122,17,date,12
C_35,../../01.Datasets/processed/images_train/fechas/C_35.jpg,39,9,142,19,103,10,date,12
C_35,../../01.Datasets/processed/images_train/fechas/C_35.jpg,39,9,51,19,12,10,0,1
C_35,../../01.Datasets/processed/images_train/fechas/C_35.jpg,51,9,61,19,10,10,8,9
C_35,../../01.Datasets/processed/images_train/fechas/C_35.jpg,61,11,69,16,8,5,-,11
C_35,../../01.Datasets/processed/images_train/fechas/C_35.jpg,71,9,80,20,9,11,0,1
C_35,../../01.Datasets/processed/images_train/fechas/C_35.jpg,80,9,89,20,9,11,3,4
C_35,../../01.Datasets/processed/images_train/fechas/C_35.jpg,92,11,100,16,8,5,-,11
C_35,../../01.Datasets/processed/images_train/fechas/C_35.jpg,102,9,112,19,10,10,2,3
C_35,../../01.Datasets/processed/images_train/fechas/C_35.jpg,111,9,121,19,10,10,0,1
C_35,../../01.Datasets/processed/images_train/fechas/C_35.jpg,121,9,133,20,12,11,2,3
C_35,../../01.Datasets/processed/images_train/fechas/C_35.jpg,134,9,143,19,9,10,1,2
C_352,../../01.Datasets/processed/images_train/fechas/C_352.jpg,22,7,33,18,11,11,2,3
C_352,../../01.Datasets/processed/images_train/fechas/C_352.jpg,32,7,46,18,14,11,2,3
C_352,../../01.Datasets/processed/images_train/fechas/C_352.jpg,50,7,56,20,6,13,-,11
C_352,../../01.Datasets/processed/images_train/fechas/C_352.jpg,61,6,73,18,12,12,0,1
C_352,../../01.Datasets/processed/images_train/fechas/C_352.jpg,73,6,83,19,10,13,3,4
C_352,../../01.Datasets/processed/images_train/fechas/C_352.jpg,86,5,94,18,8,13,-,11
C_352,../../01.Datasets/processed/images_train/fechas/C_352.jpg,99,5,110,17,11,12,2,3
C_352,../../01.Datasets/processed/images_train/fechas/C_352.jpg,110,5,121,17,11,12,0,1
C_352,../../01.Datasets/processed/images_train/fechas/C_352.jpg,123,6,135,17,12,11,2,3
C_352,../../01.Datasets/processed/images_train/fechas/C_352.jpg,135,6,146,18,11,12,1,2
C_352,../../01.Datasets/processed/images_train/fechas/C_352.jpg,19,5,149,21,130,16,date,12
C_36,../../01.Datasets/processed/images_train/fechas/C_36.jpg,35,8,135,19,100,11,date,12
C_36,../../01.Datasets/processed/images_train/fechas/C_36.jpg,35,8,44,20,9,12,1,2
C_36,../../01.Datasets/processed/images_train/fechas/C_36.jpg,45,8,55,20,10,12,7,8
C_36,../../01.Datasets/processed/images_train/fechas/C_36.jpg,55,11,64,16,9,5,-,11
C_36,../../01.Datasets/processed/images_train/fechas/C_36.jpg,65,8,76,19,11,11,0,1
C_36,../../01.Datasets/processed/images_train/fechas/C_36.jpg,76,8,86,20,10,12,4,5
C_36,../../01.Datasets/processed/images_train/fechas/C_36.jpg,86,11,96,15,10,4,-,11
C_36,../../01.Datasets/processed/images_train/fechas/C_36.jpg,96,8,106,20,10,12,2,3
C_36,../../01.Datasets/processed/images_train/fechas/C_36.jpg,106,8,114,20,8,12,0,1
C_36,../../01.Datasets/processed/images_train/fechas/C_36.jpg,115,8,126,20,11,12,2,3
C_36,../../01.Datasets/processed/images_train/fechas/C_36.jpg,125,8,136,19,11,11,1,2
C_38,../../01.Datasets/processed/images_train/fechas/C_38.jpg,41,8,140,18,99,10,date,12
C_38,../../01.Datasets/processed/images_train/fechas/C_38.jpg,41,8,54,19,13,11,0,1
C_38,../../01.Datasets/processed/images_train/fechas/C_38.jpg,53,8,64,19,11,11,6,7
C_38,../../01.Datasets/processed/images_train/fechas/C_38.jpg,62,9,73,15,11,6,-,11
C_38,../../01.Datasets/processed/images_train/fechas/C_38.jpg,71,8,82,18,11,10,0,1
C_38,../../01.Datasets/processed/images_train/fechas/C_38.jpg,82,8,92,18,10,10,3,4
C_38,../../01.Datasets/processed/images_train/fechas/C_38.jpg,92,9,104,15,12,6,-,11
C_38,../../01.Datasets/processed/images_train/fechas/C_38.jpg,104,8,115,19,11,11,2,3
C_38,../../01.Datasets/processed/images_train/fechas/C_38.jpg,114,8,123,18,9,10,0,1
C_38,../../01.Datasets/processed/images_train/fechas/C_38.jpg,123,7,131,18,8,11,2,3
C_38,../../01.Datasets/processed/images_train/fechas/C_38.jpg,131,8,140,18,9,10,1,2
C_39,../../01.Datasets/processed/images_train/fechas/C_39.jpg,50,7,147,19,97,12,date,12
C_39,../../01.Datasets/processed/images_train/fechas/C_39.jpg,50,7,61,19,11,12,2,3
C_39,../../01.Datasets/processed/images_train/fechas/C_39.jpg,60,7,70,19,10,12,9,10
C_39,../../01.Datasets/processed/images_train/fechas/C_39.jpg,70,10,77,15,7,5,-,11
C_39,../../01.Datasets/processed/images_train/fechas/C_39.jpg,78,7,87,19,9,12,0,1
C_39,../../01.Datasets/processed/images_train/fechas/C_39.jpg,87,7,98,19,11,12,3,4
C_39,../../01.Datasets/processed/images_train/fechas/C_39.jpg,97,10,107,16,10,6,-,11
C_39,../../01.Datasets/processed/images_train/fechas/C_39.jpg,107,7,118,19,11,12,2,3
C_39,../../01.Datasets/processed/images_train/fechas/C_39.jpg,117,7,126,18,9,11,0,1
C_39,../../01.Datasets/processed/images_train/fechas/C_39.jpg,127,7,137,18,10,11,2,3
C_39,../../01.Datasets/processed/images_train/fechas/C_39.jpg,137,7,145,19,8,12,1,2
C_40,../../01.Datasets/processed/images_train/fechas/C_40.jpg,45,10,130,21,85,11,date,12
C_40,../../01.Datasets/processed/images_train/fechas/C_40.jpg,45,10,56,21,11,11,0,1
C_40,../../01.Datasets/processed/images_train/fechas/C_40.jpg,56,10,66,21,10,11,4,5
C_40,../../01.Datasets/processed/images_train/fechas/C_40.jpg,66,12,74,18,8,6,-,11
C_40,../../01.Datasets/processed/images_train/fechas/C_40.jpg,73,10,85,21,12,11,4,5
C_40,../../01.Datasets/processed/images_train/fechas/C_40.jpg,86,13,94,17,8,4,-,11
C_40,../../01.Datasets/processed/images_train/fechas/C_40.jpg,94,10,105,21,11,11,2,3
C_40,../../01.Datasets/processed/images_train/fechas/C_40.jpg,106,10,114,21,8,11,0,1
C_40,../../01.Datasets/processed/images_train/fechas/C_40.jpg,114,10,123,20,9,10,2,3
C_40,../../01.Datasets/processed/images_train/fechas/C_40.jpg,123,10,131,22,8,12,1,2
C_41,../../01.Datasets/processed/images_train/fechas/C_41.jpg,45,9,136,19,91,10,date,12
C_41,../../01.Datasets/processed/images_train/fechas/C_41.jpg,45,9,56,20,11,11,0,1
C_41,../../01.Datasets/processed/images_train/fechas/C_41.jpg,55,9,64,20,9,11,7,8
C_41,../../01.Datasets/processed/images_train/fechas/C_41.jpg,64,12,72,16,8,4,-,11
C_41,../../01.Datasets/processed/images_train/fechas/C_41.jpg,73,9,85,20,12,11,0,1
C_41,../../01.Datasets/processed/images_train/fechas/C_41.jpg,85,9,95,19,10,10,6,7
C_41,../../01.Datasets/processed/images_train/fechas/C_41.jpg,96,11,102,15,6,4,-,11
C_41,../../01.Datasets/processed/images_train/fechas/C_41.jpg,102,9,113,20,11,11,2,3
C_41,../../01.Datasets/processed/images_train/fechas/C_41.jpg,113,9,119,19,6,10,0,1
C_41,../../01.Datasets/processed/images_train/fechas/C_41.jpg,120,9,128,19,8,10,2,3
C_41,../../01.Datasets/processed/images_train/fechas/C_41.jpg,129,9,135,19,6,10,1,2
C_44,../../01.Datasets/processed/images_train/fechas/C_44.jpg,37,9,133,20,96,11,date,12
C_44,../../01.Datasets/processed/images_train/fechas/C_44.jpg,37,9,48,21,11,12,2,3
C_44,../../01.Datasets/processed/images_train/fechas/C_44.jpg,49,9,57,21,8,12,9,10
C_44,../../01.Datasets/processed/images_train/fechas/C_44.jpg,57,12,65,18,8,6,-,11
C_44,../../01.Datasets/processed/images_train/fechas/C_44.jpg,65,9,76,20,11,11,0,1
C_44,../../01.Datasets/processed/images_train/fechas/C_44.jpg,76,9,83,20,7,11,1,2
C_44,../../01.Datasets/processed/images_train/fechas/C_44.jpg,85,12,96,18,11,6,-,11
C_44,../../01.Datasets/processed/images_train/fechas/C_44.jpg,94,9,104,20,10,11,2,3
C_44,../../01.Datasets/processed/images_train/fechas/C_44.jpg,106,9,114,21,8,12,0,1
C_44,../../01.Datasets/processed/images_train/fechas/C_44.jpg,114,9,123,20,9,11,2,3
C_44,../../01.Datasets/processed/images_train/fechas/C_44.jpg,123,9,132,20,9,11,1,2
C_45,../../01.Datasets/processed/images_train/fechas/C_45.jpg,35,7,140,21,105,14,date,12
C_45,../../01.Datasets/processed/images_train/fechas/C_45.jpg,36,9,49,22,13,13,4,5
C_45,../../01.Datasets/processed/images_train/fechas/C_45.jpg,51,11,62,17,11,6,-,11
C_45,../../01.Datasets/processed/images_train/fechas/C_45.jpg,62,9,73,20,11,11,2,3
C_45,../../01.Datasets/processed/images_train/fechas/C_45.jpg,74,7,85,21,11,14,3,4
C_45,../../01.Datasets/processed/images_train/fechas/C_45.jpg,87,9,99,15,12,6,-,11
C_45,../../01.Datasets/processed/images_train/fechas/C_45.jpg,99,8,110,20,11,12,2,3
C_45,../../01.Datasets/processed/images_train/fechas/C_45.jpg,111,8,120,20,9,12,0,1
C_45,../../01.Datasets/processed/images_train/fechas/C_45.jpg,120,8,128,20,8,12,2,3
C_45,../../01.Datasets/processed/images_train/fechas/C_45.jpg,129,8,137,20,8,12,1,2
C_46,../../01.Datasets/processed/images_train/fechas/C_46.jpg,38,9,142,19,104,10,date,12
C_46,../../01.Datasets/processed/images_train/fechas/C_46.jpg,38,9,46,19,8,10,1,2
C_46,../../01.Datasets/processed/images_train/fechas/C_46.jpg,46,10,56,20,10,10,2,3
C_46,../../01.Datasets/processed/images_train/fechas/C_46.jpg,58,10,66,15,8,5,-,11
C_46,../../01.Datasets/processed/images_train/fechas/C_46.jpg,65,9,76,19,11,10,0,1
C_46,../../01.Datasets/processed/images_train/fechas/C_46.jpg,76,9,88,19,12,10,5,6
C_46,../../01.Datasets/processed/images_train/fechas/C_46.jpg,88,11,99,16,11,5,-,11
C_46,../../01.Datasets/processed/images_train/fechas/C_46.jpg,99,9,108,19,9,10,2,3
C_46,../../01.Datasets/processed/images_train/fechas/C_46.jpg,107,9,118,19,11,10,0,1
C_46,../../01.Datasets/processed/images_train/fechas/C_46.jpg,118,9,131,19,13,10,2,3
C_46,../../01.Datasets/processed/images_train/fechas/C_46.jpg,131,9,141,20,10,11,1,2
C_48,../../01.Datasets/processed/images_train/fechas/C_48.jpg,21,8,121,18,100,10,date,12
C_48,../../01.Datasets/processed/images_train/fechas/C_48.jpg,22,9,34,18,12,9,0,1
C_48,../../01.Datasets/processed/images_train/fechas/C_48.jpg,34,9,45,19,11,10,6,7
C_48,../../01.Datasets/processed/images_train/fechas/C_48.jpg,43,11,53,16,10,5,-,11
C_48,../../01.Datasets/processed/images_train/fechas/C_48.jpg,53,9,65,19,12,10,0,1
C_48,../../01.Datasets/processed/images_train/fechas/C_48.jpg,64,9,75,19,11,10,5,6
C_48,../../01.Datasets/processed/images_train/fechas/C_48.jpg,75,10,83,16,8,6,-,11
C_48,../../01.Datasets/processed/images_train/fechas/C_48.jpg,83,9,93,19,10,10,2,3
C_48,../../01.Datasets/processed/images_train/fechas/C_48.jpg,94,9,103,18,9,9,0,1
C_48,../../01.Datasets/processed/images_train/fechas/C_48.jpg,102,8,113,18,11,10,2,3
C_48,../../01.Datasets/processed/images_train/fechas/C_48.jpg,112,8,120,20,8,12,1,2
C_49,../../01.Datasets/processed/images_train/fechas/C_49.jpg,29,9,128,20,99,11,date,12
C_49,../../01.Datasets/processed/images_train/fechas/C_49.jpg,28,10,40,20,12,10,2,3
C_49,../../01.Datasets/processed/images_train/fechas/C_49.jpg,41,10,53,21,12,11,6,7
C_49,../../01.Datasets/processed/images_train/fechas/C_49.jpg,53,11,64,16,11,5,-,11
C_49,../../01.Datasets/processed/images_train/fechas/C_49.jpg,63,9,73,21,10,12,0,1
C_49,../../01.Datasets/processed/images_train/fechas/C_49.jpg,72,9,81,20,9,11,4,5
C_49,../../01.Datasets/processed/images_train/fechas/C_49.jpg,83,11,92,17,9,6,-,11
C_49,../../01.Datasets/processed/images_train/fechas/C_49.jpg,92,9,100,20,8,11,2,3
C_49,../../01.Datasets/processed/images_train/fechas/C_49.jpg,100,10,109,20,9,10,0,1
C_49,../../01.Datasets/processed/images_train/fechas/C_49.jpg,109,9,118,20,9,11,2,3
C_49,../../01.Datasets/processed/images_train/fechas/C_49.jpg,119,9,128,21,9,12,1,2
C_5,../../01.Datasets/processed/images_train/fechas/C_5.jpg,29,7,110,19,81,12,date,12
C_5,../../01.Datasets/processed/images_train/fechas/C_5.jpg,28,8,39,18,11,10,0,1
C_5,../../01.Datasets/processed/images_train/fechas/C_5.jpg,39,8,49,19,10,11,3,4
C_5,../../01.Datasets/processed/images_train/fechas/C_5.jpg,47,9,55,15,8,6,-,11
C_5,../../01.Datasets/processed/images_train/fechas/C_5.jpg,55,8,63,19,8,11,1,2
C_5,../../01.Datasets/processed/images_train/fechas/C_5.jpg,64,8,70,19,6,11,5,6
C_5,../../01.Datasets/processed/images_train/fechas/C_5.jpg,72,10,79,15,7,5,-,11
C_5,../../01.Datasets/processed/images_train/fechas/C_5.jpg,78,8,86,19,8,11,2,3
C_5,../../01.Datasets/processed/images_train/fechas/C_5.jpg,87,8,93,19,6,11,0,1
C_5,../../01.Datasets/processed/images_train/fechas/C_5.jpg,93,8,100,19,7,11,2,3
C_5,../../01.Datasets/processed/images_train/fechas/C_5.jpg,100,8,109,19,9,11,1,2
C_50,../../01.Datasets/processed/images_train/fechas/C_50.jpg,30,8,128,19,98,11,date,12
C_50,../../01.Datasets/processed/images_train/fechas/C_50.jpg,31,8,42,19,11,11,2,3
C_50,../../01.Datasets/processed/images_train/fechas/C_50.jpg,41,8,53,19,12,11,6,7
C_50,../../01.Datasets/processed/images_train/fechas/C_50.jpg,53,10,64,15,11,5,-,11
C_50,../../01.Datasets/processed/images_train/fechas/C_50.jpg,62,8,73,19,11,11,0,1
C_50,../../01.Datasets/processed/images_train/fechas/C_50.jpg,73,8,84,19,11,11,2,3
C_50,../../01.Datasets/processed/images_train/fechas/C_50.jpg,83,10,92,15,9,5,-,11
C_50,../../01.Datasets/processed/images_train/fechas/C_50.jpg,90,8,101,19,11,11,2,3
C_50,../../01.Datasets/processed/images_train/fechas/C_50.jpg,100,8,109,19,9,11,0,1
C_50,../../01.Datasets/processed/images_train/fechas/C_50.jpg,110,8,120,18,10,10,2,3
C_50,../../01.Datasets/processed/images_train/fechas/C_50.jpg,120,8,128,18,8,10,1,2
C_51,../../01.Datasets/processed/images_train/fechas/C_51.jpg,40,1,128,13,88,12,date,12
C_51,../../01.Datasets/processed/images_train/fechas/C_51.jpg,39,3,50,13,11,10,2,3
C_51,../../01.Datasets/processed/images_train/fechas/C_51.jpg,49,2,59,14,10,12,0,1
C_51,../../01.Datasets/processed/images_train/fechas/C_51.jpg,60,5,68,9,8,4,-,11
C_51,../../01.Datasets/processed/images_train/fechas/C_51.jpg,68,1,77,13,9,12,0,1
C_51,../../01.Datasets/processed/images_train/fechas/C_51.jpg,77,3,85,13,8,10,4,5
C_51,../../01.Datasets/processed/images_train/fechas/C_51.jpg,86,5,94,9,8,4,-,11
C_51,../../01.Datasets/processed/images_train/fechas/C_51.jpg,94,1,103,13,9,12,2,3
C_51,../../01.Datasets/processed/images_train/fechas/C_51.jpg,103,2,111,12,8,10,0,1
C_51,../../01.Datasets/processed/images_train/fechas/C_51.jpg,111,1,120,13,9,12,2,3
C_51,../../01.Datasets/processed/images_train/fechas/C_51.jpg,120,3,128,13,8,10,1,2
C_54,../../01.Datasets/processed/images_train/fechas/C_54.jpg,32,8,115,19,83,11,date,12
C_54,../../01.Datasets/processed/images_train/fechas/C_54.jpg,33,8,44,19,11,11,0,1
C_54,../../01.Datasets/processed/images_train/fechas/C_54.jpg,44,8,50,19,6,11,1,2
C_54,../../01.Datasets/processed/images_train/fechas/C_54.jpg,49,11,56,15,7,4,-,11
C_54,../../01.Datasets/processed/images_train/fechas/C_54.jpg,55,8,64,18,9,10,0,1
C_54,../../01.Datasets/processed/images_train/fechas/C_54.jpg,65,8,74,19,9,11,4,5
C_54,../../01.Datasets/processed/images_train/fechas/C_54.jpg,75,10,83,15,8,5,-,11
C_54,../../01.Datasets/processed/images_train/fechas/C_54.jpg,83,8,91,18,8,10,2,3
C_54,../../01.Datasets/processed/images_train/fechas/C_54.jpg,91,8,99,19,8,11,0,1
C_54,../../01.Datasets/processed/images_train/fechas/C_54.jpg,99,8,108,18,9,10,2,3
C_54,../../01.Datasets/processed/images_train/fechas/C_54.jpg,108,8,116,18,8,10,1,2
C_55,../../01.Datasets/processed/images_train/fechas/C_55.jpg,30,10,117,22,87,12,date,12
C_55,../../01.Datasets/processed/images_train/fechas/C_55.jpg,31,10,41,22,10,12,0,1
C_55,../../01.Datasets/processed/images_train/fechas/C_55.jpg,41,10,49,21,8,11,7,8
C_55,../../01.Datasets/processed/images_train/fechas/C_55.jpg,50,10,58,22,8,12,-,11
C_55,../../01.Datasets/processed/images_train/fechas/C_55.jpg,59,10,66,22,7,12,0,1
C_55,../../01.Datasets/processed/images_train/fechas/C_55.jpg,68,10,77,21,9,11,4,5
C_55,../../01.Datasets/processed/images_train/fechas/C_55.jpg,77,10,85,22,8,12,-,11
C_55,../../01.Datasets/processed/images_train/fechas/C_55.jpg,84,11,92,22,8,11,2,3
C_55,../../01.Datasets/processed/images_train/fechas/C_55.jpg,92,10,100,22,8,12,0,1
C_55,../../01.Datasets/processed/images_train/fechas/C_55.jpg,100,10,109,21,9,11,2,3
C_55,../../01.Datasets/processed/images_train/fechas/C_55.jpg,109,10,117,21,8,11,1,2
C_56,../../01.Datasets/processed/images_train/fechas/C_56.jpg,30,8,118,19,88,11,date,12
C_56,../../01.Datasets/processed/images_train/fechas/C_56.jpg,31,9,37,20,6,11,1,2
C_56,../../01.Datasets/processed/images_train/fechas/C_56.jpg,38,9,46,19,8,10,0,1
C_56,../../01.Datasets/processed/images_train/fechas/C_56.jpg,48,11,58,15,10,4,-,11
C_56,../../01.Datasets/processed/images_train/fechas/C_56.jpg,58,8,66,19,8,11,0,1
C_56,../../01.Datasets/processed/images_train/fechas/C_56.jpg,66,8,75,19,9,11,6,7
C_56,../../01.Datasets/processed/images_train/fechas/C_56.jpg,78,10,85,15,7,5,-,11
C_56,../../01.Datasets/processed/images_train/fechas/C_56.jpg,85,8,94,19,9,11,2,3
C_56,../../01.Datasets/processed/images_train/fechas/C_56.jpg,94,8,103,18,9,10,0,1
C_56,../../01.Datasets/processed/images_train/fechas/C_56.jpg,103,8,111,19,8,11,2,3
C_56,../../01.Datasets/processed/images_train/fechas/C_56.jpg,111,9,120,20,9,11,1,2
C_57,../../01.Datasets/processed/images_train/fechas/C_57.jpg,34,9,130,20,96,11,date,12
C_57,../../01.Datasets/processed/images_train/fechas/C_57.jpg,34,10,45,20,11,10,0,1
C_57,../../01.Datasets/processed/images_train/fechas/C_57.jpg,46,10,55,20,9,10,9,10
C_57,../../01.Datasets/processed/images_train/fechas/C_57.jpg,56,11,67,17,11,6,-,11
C_57,../../01.Datasets/processed/images_train/fechas/C_57.jpg,65,9,76,20,11,11,0,1
C_57,../../01.Datasets/processed/images_train/fechas/C_57.jpg,74,9,85,20,11,11,2,3
C_57,../../01.Datasets/processed/images_train/fechas/C_57.jpg,85,12,96,18,11,6,-,11
C_57,../../01.Datasets/processed/images_train/fechas/C_57.jpg,95,9,104,21,9,12,2,3
C_57,../../01.Datasets/processed/images_train/fechas/C_57.jpg,106,9,114,21,8,12,0,1
C_57,../../01.Datasets/processed/images_train/fechas/C_57.jpg,115,9,121,20,6,11,2,3
C_57,../../01.Datasets/processed/images_train/fechas/C_57.jpg,122,10,131,20,9,10,1,2
C_59,../../01.Datasets/processed/images_train/fechas/C_59.jpg,32,10,126,20,94,10,date,12
C_59,../../01.Datasets/processed/images_train/fechas/C_59.jpg,34,10,44,20,10,10,0,1
C_59,../../01.Datasets/processed/images_train/fechas/C_59.jpg,43,10,51,21,8,11,1,2
C_59,../../01.Datasets/processed/images_train/fechas/C_59.jpg,51,12,60,17,9,5,-,11
C_59,../../01.Datasets/processed/images_train/fechas/C_59.jpg,59,10,70,20,11,10,0,1
C_59,../../01.Datasets/processed/images_train/fechas/C_59.jpg,70,10,78,20,8,10,1,2
C_59,../../01.Datasets/processed/images_train/fechas/C_59.jpg,81,12,92,17,11,5,-,11
C_59,../../01.Datasets/processed/images_train/fechas/C_59.jpg,90,10,102,20,12,10,2,3
C_59,../../01.Datasets/processed/images_train/fechas/C_59.jpg,102,10,111,20,9,10,0,1
C_59,../../01.Datasets/processed/images_train/fechas/C_59.jpg,111,10,119,20,8,10,2,3
C_59,../../01.Datasets/processed/images_train/fechas/C_59.jpg,118,10,126,20,8,10,1,2
C_6,../../01.Datasets/processed/images_train/fechas/C_6.jpg,25,9,110,20,85,11,date,12
C_6,../../01.Datasets/processed/images_train/fechas/C_6.jpg,25,9,36,20,11,11,0,1
C_6,../../01.Datasets/processed/images_train/fechas/C_6.jpg,35,9,44,20,9,11,9,10
C_6,../../01.Datasets/processed/images_train/fechas/C_6.jpg,44,12,52,16,8,4,-,11
C_6,../../01.Datasets/processed/images_train/fechas/C_6.jpg,52,9,62,20,10,11,0,1
C_6,../../01.Datasets/processed/images_train/fechas/C_6.jpg,63,9,72,19,9,10,3,4
C_6,../../01.Datasets/processed/images_train/fechas/C_6.jpg,73,12,79,16,6,4,-,11
C_6,../../01.Datasets/processed/images_train/fechas/C_6.jpg,80,10,89,19,9,9,2,3
C_6,../../01.Datasets/processed/images_train/fechas/C_6.jpg,87,10,95,19,8,9,0,1
C_6,../../01.Datasets/processed/images_train/fechas/C_6.jpg,96,10,102,20,6,10,2,3
C_6,../../01.Datasets/processed/images_train/fechas/C_6.jpg,103,10,111,20,8,10,1,2
C_60,../../01.Datasets/processed/images_train/fechas/C_60.jpg,36,10,127,20,91,10,date,12
C_60,../../01.Datasets/processed/images_train/fechas/C_60.jpg,36,10,44,20,8,10,1,2
C_60,../../01.Datasets/processed/images_train/fechas/C_60.jpg,44,10,52,21,8,11,4,5
C_60,../../01.Datasets/processed/images_train/fechas/C_60.jpg,54,12,63,17,9,5,-,11
C_60,../../01.Datasets/processed/images_train/fechas/C_60.jpg,62,11,73,21,11,10,0,1
C_60,../../01.Datasets/processed/images_train/fechas/C_60.jpg,72,10,81,21,9,11,1,2
C_60,../../01.Datasets/processed/images_train/fechas/C_60.jpg,82,12,93,17,11,5,-,11
C_60,../../01.Datasets/processed/images_train/fechas/C_60.jpg,90,10,102,20,12,10,2,3
C_60,../../01.Datasets/processed/images_train/fechas/C_60.jpg,102,10,112,21,10,11,0,1
C_60,../../01.Datasets/processed/images_train/fechas/C_60.jpg,113,10,119,21,6,11,2,3
C_60,../../01.Datasets/processed/images_train/fechas/C_60.jpg,120,10,127,21,7,11,1,2
C_63,../../01.Datasets/processed/images_train/fechas/C_63.jpg,38,9,137,20,99,11,date,12
C_63,../../01.Datasets/processed/images_train/fechas/C_63.jpg,37,9,48,20,11,11,2,3
C_63,../../01.Datasets/processed/images_train/fechas/C_63.jpg,48,9,59,20,11,11,5,6
C_63,../../01.Datasets/processed/images_train/fechas/C_63.jpg,60,9,69,20,9,11,-,11
C_63,../../01.Datasets/processed/images_train/fechas/C_63.jpg,69,9,77,20,8,11,0,1
C_63,../../01.Datasets/processed/images_train/fechas/C_63.jpg,78,9,90,21,12,12,2,3
C_63,../../01.Datasets/processed/images_train/fechas/C_63.jpg,93,9,103,20,10,11,-,11
C_63,../../01.Datasets/processed/images_train/fechas/C_63.jpg,103,9,113,20,10,11,2,3
C_63,../../01.Datasets/processed/images_train/fechas/C_63.jpg,114,9,123,20,9,11,0,1
C_63,../../01.Datasets/processed/images_train/fechas/C_63.jpg,123,9,131,21,8,12,2,3
C_63,../../01.Datasets/processed/images_train/fechas/C_63.jpg,130,9,137,21,7,12,1,2
C_64,../../01.Datasets/processed/images_train/fechas/C_64.jpg,43,13,153,24,110,11,date,12
C_64,../../01.Datasets/processed/images_train/fechas/C_64.jpg,43,13,54,25,11,12,2,3
C_64,../../01.Datasets/processed/images_train/fechas/C_64.jpg,54,13,65,25,11,12,0,1
C_64,../../01.Datasets/processed/images_train/fechas/C_64.jpg,68,15,78,20,10,5,-,11
C_64,../../01.Datasets/processed/images_train/fechas/C_64.jpg,78,13,90,25,12,12,0,1
C_64,../../01.Datasets/processed/images_train/fechas/C_64.jpg,90,13,102,25,12,12,3,4
C_64,../../01.Datasets/processed/images_train/fechas/C_64.jpg,104,16,116,21,12,5,-,11
C_64,../../01.Datasets/processed/images_train/fechas/C_64.jpg,117,14,127,25,10,11,2,3
C_64,../../01.Datasets/processed/images_train/fechas/C_64.jpg,128,13,137,25,9,12,0,1
C_64,../../01.Datasets/processed/images_train/fechas/C_64.jpg,136,13,146,25,10,12,2,3
C_64,../../01.Datasets/processed/images_train/fechas/C_64.jpg,146,13,153,25,7,12,1,2
C_66,../../01.Datasets/processed/images_train/fechas/C_66.jpg,41,9,146,20,105,11,date,12
C_66,../../01.Datasets/processed/images_train/fechas/C_66.jpg,42,8,53,20,11,12,2,3
C_66,../../01.Datasets/processed/images_train/fechas/C_66.jpg,53,9,64,20,11,11,9,10
C_66,../../01.Datasets/processed/images_train/fechas/C_66.jpg,63,11,73,16,10,5,-,11
C_66,../../01.Datasets/processed/images_train/fechas/C_66.jpg,72,9,86,21,14,12,0,1
C_66,../../01.Datasets/processed/images_train/fechas/C_66.jpg,85,9,96,20,11,11,5,6
C_66,../../01.Datasets/processed/images_train/fechas/C_66.jpg,98,10,109,17,11,7,-,11
C_66,../../01.Datasets/processed/images_train/fechas/C_66.jpg,109,9,118,20,9,11,2,3
C_66,../../01.Datasets/processed/images_train/fechas/C_66.jpg,118,9,129,21,11,12,0,1
C_66,../../01.Datasets/processed/images_train/fechas/C_66.jpg,129,9,138,21,9,12,2,3
C_66,../../01.Datasets/processed/images_train/fechas/C_66.jpg,138,9,145,21,7,12,1,2
C_69,../../01.Datasets/processed/images_train/fechas/C_69.jpg,33,7,106,19,73,12,date,12
C_69,../../01.Datasets/processed/images_train/fechas/C_69.jpg,32,7,42,18,10,11,2,3
C_69,../../01.Datasets/processed/images_train/fechas/C_69.jpg,42,7,49,18,7,11,2,3
C_69,../../01.Datasets/processed/images_train/fechas/C_69.jpg,50,10,56,15,6,5,-,11
C_69,../../01.Datasets/processed/images_train/fechas/C_69.jpg,56,7,62,18,6,11,0,1
C_69,../../01.Datasets/processed/images_train/fechas/C_69.jpg,61,7,70,19,9,12,7,8
C_69,../../01.Datasets/processed/images_train/fechas/C_69.jpg,70,11,77,15,7,4,-,11
C_69,../../01.Datasets/processed/images_train/fechas/C_69.jpg,78,7,84,18,6,11,2,3
C_69,../../01.Datasets/processed/images_train/fechas/C_69.jpg,84,7,90,18,6,11,0,1
C_69,../../01.Datasets/processed/images_train/fechas/C_69.jpg,89,7,97,19,8,12,2,3
C_69,../../01.Datasets/processed/images_train/fechas/C_69.jpg,98,7,104,19,6,12,1,2
C_7,../../01.Datasets/processed/images_train/fechas/C_7.jpg,28,6,108,17,80,11,date,12
C_7,../../01.Datasets/processed/images_train/fechas/C_7.jpg,29,8,38,17,9,9,1,2
C_7,../../01.Datasets/processed/images_train/fechas/C_7.jpg,38,8,46,17,8,9,2,3
C_7,../../01.Datasets/processed/images_train/fechas/C_7.jpg,45,9,52,14,7,5,-,11
C_7,../../01.Datasets/processed/images_train/fechas/C_7.jpg,54,8,63,17,9,9,0,1
C_7,../../01.Datasets/processed/images_train/fechas/C_7.jpg,63,6,71,17,8,11,5,6
C_7,../../01.Datasets/processed/images_train/fechas/C_7.jpg,72,9,79,13,7,4,-,11
C_7,../../01.Datasets/processed/images_train/fechas/C_7.jpg,78,7,86,16,8,9,2,3
C_7,../../01.Datasets/processed/images_train/fechas/C_7.jpg,87,7,93,16,6,9,0,1
C_7,../../01.Datasets/processed/images_train/fechas/C_7.jpg,92,8,100,17,8,9,2,3
C_7,../../01.Datasets/processed/images_train/fechas/C_7.jpg,101,8,107,17,6,9,1,2
C_70,../../01.Datasets/processed/images_train/fechas/C_70.jpg,42,5,116,16,74,11,date,12
C_70,../../01.Datasets/processed/images_train/fechas/C_70.jpg,41,5,49,16,8,11,1,2
C_70,../../01.Datasets/processed/images_train/fechas/C_70.jpg,49,5,56,16,7,11,1,2
C_70,../../01.Datasets/processed/images_train/fechas/C_70.jpg,55,7,62,13,7,6,-,11
C_70,../../01.Datasets/processed/images_train/fechas/C_70.jpg,61,5,70,16,9,11,0,1
C_70,../../01.Datasets/processed/images_train/fechas/C_70.jpg,70,5,78,16,8,11,3,4
C_70,../../01.Datasets/processed/images_train/fechas/C_70.jpg,80,7,89,13,9,6,-,11
C_70,../../01.Datasets/processed/images_train/fechas/C_70.jpg,89,5,96,16,7,11,2,3
C_70,../../01.Datasets/processed/images_train/fechas/C_70.jpg,96,5,102,17,6,12,0,1
C_70,../../01.Datasets/processed/images_train/fechas/C_70.jpg,103,5,110,16,7,11,2,3
C_70,../../01.Datasets/processed/images_train/fechas/C_70.jpg,110,5,116,16,6,11,1,2
C_71,../../01.Datasets/processed/images_train/fechas/C_71.jpg,35,9,123,19,88,10,date,12
C_71,../../01.Datasets/processed/images_train/fechas/C_71.jpg,34,9,45,20,11,11,0,1
C_71,../../01.Datasets/processed/images_train/fechas/C_71.jpg,46,9,55,19,9,10,3,4
C_71,../../01.Datasets/processed/images_train/fechas/C_71.jpg,55,12,62,17,7,5,-,11
C_71,../../01.Datasets/processed/images_train/fechas/C_71.jpg,63,9,72,20,9,11,0,1
C_71,../../01.Datasets/processed/images_train/fechas/C_71.jpg,72,9,80,19,8,10,4,5
C_71,../../01.Datasets/processed/images_train/fechas/C_71.jpg,83,12,90,16,7,4,-,11
C_71,../../01.Datasets/processed/images_train/fechas/C_71.jpg,92,9,99,18,7,9,2,3
C_71,../../01.Datasets/processed/images_train/fechas/C_71.jpg,100,10,107,18,7,8,0,1
C_71,../../01.Datasets/processed/images_train/fechas/C_71.jpg,108,9,116,19,8,10,2,3
C_71,../../01.Datasets/processed/images_train/fechas/C_71.jpg,116,10,122,19,6,9,1,2
C_74,../../01.Datasets/processed/images_train/fechas/C_74.jpg,50,6,107,17,57,11,date,12
C_74,../../01.Datasets/processed/images_train/fechas/C_74.jpg,49,5,58,17,9,12,1,2
C_74,../../01.Datasets/processed/images_train/fechas/C_74.jpg,58,5,64,18,6,13,1,2
C_74,../../01.Datasets/processed/images_train/fechas/C_74.jpg,63,9,67,14,4,5,-,11
C_74,../../01.Datasets/processed/images_train/fechas/C_74.jpg,69,6,76,17,7,11,0,1
C_74,../../01.Datasets/processed/images_train/fechas/C_74.jpg,75,6,83,16,8,10,2,3
C_74,../../01.Datasets/processed/images_train/fechas/C_74.jpg,84,10,90,15,6,5,-,11
C_74,../../01.Datasets/processed/images_train/fechas/C_74.jpg,91,6,99,17,8,11,2,3
C_74,../../01.Datasets/processed/images_train/fechas/C_74.jpg,99,6,105,17,6,11,1,2
C_75,../../01.Datasets/processed/images_train/fechas/C_75.jpg,34,8,114,20,80,12,date,12
C_75,../../01.Datasets/processed/images_train/fechas/C_75.jpg,35,8,45,19,10,11,0,1
C_75,../../01.Datasets/processed/images_train/fechas/C_75.jpg,45,9,52,19,7,10,6,7
C_75,../../01.Datasets/processed/images_train/fechas/C_75.jpg,53,11,60,16,7,5,-,11
C_75,../../01.Datasets/processed/images_train/fechas/C_75.jpg,60,9,69,19,9,10,0,1
C_75,../../01.Datasets/processed/images_train/fechas/C_75.jpg,69,9,77,19,8,10,6,7
C_75,../../01.Datasets/processed/images_train/fechas/C_75.jpg,79,11,85,16,6,5,-,11
C_75,../../01.Datasets/processed/images_train/fechas/C_75.jpg,87,9,93,20,6,11,2,3
C_75,../../01.Datasets/processed/images_train/fechas/C_75.jpg,94,9,102,20,8,11,0,1
C_75,../../01.Datasets/processed/images_train/fechas/C_75.jpg,102,9,107,20,5,11,2,3
C_75,../../01.Datasets/processed/images_train/fechas/C_75.jpg,107,9,113,19,6,10,1,2
C_78,../../01.Datasets/processed/images_train/fechas/C_78.jpg,36,15,110,25,74,10,date,12
C_78,../../01.Datasets/processed/images_train/fechas/C_78.jpg,35,15,43,25,8,10,2,3
C_78,../../01.Datasets/processed/images_train/fechas/C_78.jpg,45,15,51,25,6,10,1,2
C_78,../../01.Datasets/processed/images_train/fechas/C_78.jpg,50,18,55,22,5,4,-,11
C_78,../../01.Datasets/processed/images_train/fechas/C_78.jpg,55,15,63,25,8,10,0,1
C_78,../../01.Datasets/processed/images_train/fechas/C_78.jpg,63,15,72,25,9,10,5,6
C_78,../../01.Datasets/processed/images_train/fechas/C_78.jpg,73,19,79,23,6,4,-,11
C_78,../../01.Datasets/processed/images_train/fechas/C_78.jpg,79,15,86,25,7,10,2,3
C_78,../../01.Datasets/processed/images_train/fechas/C_78.jpg,87,15,93,25,6,10,0,1
C_78,../../01.Datasets/processed/images_train/fechas/C_78.jpg,93,15,100,25,7,10,2,3
C_78,../../01.Datasets/processed/images_train/fechas/C_78.jpg,102,15,108,25,6,10,1,2
C_79,../../01.Datasets/processed/images_train/fechas/C_79.jpg,40,9,111,19,71,10,date,12
C_79,../../01.Datasets/processed/images_train/fechas/C_79.jpg,41,9,49,20,8,11,1,2
C_79,../../01.Datasets/processed/images_train/fechas/C_79.jpg,48,9,54,20,6,11,1,2
C_79,../../01.Datasets/processed/images_train/fechas/C_79.jpg,54,11,60,16,6,5,-,11
C_79,../../01.Datasets/processed/images_train/fechas/C_79.jpg,60,9,69,20,9,11,0,1
C_79,../../01.Datasets/processed/images_train/fechas/C_79.jpg,69,9,77,19,8,10,5,6
C_79,../../01.Datasets/processed/images_train/fechas/C_79.jpg,76,11,83,15,7,4,-,11
C_79,../../01.Datasets/processed/images_train/fechas/C_79.jpg,83,9,92,19,9,10,2,3
C_79,../../01.Datasets/processed/images_train/fechas/C_79.jpg,92,9,99,19,7,10,0,1
C_79,../../01.Datasets/processed/images_train/fechas/C_79.jpg,99,9,104,20,5,11,2,3
C_79,../../01.Datasets/processed/images_train/fechas/C_79.jpg,104,9,110,19,6,10,1,2
C_8,../../01.Datasets/processed/images_train/fechas/C_8.jpg,26,9,103,19,77,10,date,12
C_8,../../01.Datasets/processed/images_train/fechas/C_8.jpg,25,9,32,19,7,10,1,2
C_8,../../01.Datasets/processed/images_train/fechas/C_8.jpg,33,9,39,18,6,9,1,2
C_8,../../01.Datasets/processed/images_train/fechas/C_8.jpg,39,11,45,16,6,5,-,11
C_8,../../01.Datasets/processed/images_train/fechas/C_8.jpg,46,9,55,19,9,10,0,1
C_8,../../01.Datasets/processed/images_train/fechas/C_8.jpg,55,10,63,20,8,10,7,8
C_8,../../01.Datasets/processed/images_train/fechas/C_8.jpg,63,11,72,15,9,4,-,11
C_8,../../01.Datasets/processed/images_train/fechas/C_8.jpg,73,10,79,19,6,9,2,3
C_8,../../01.Datasets/processed/images_train/fechas/C_8.jpg,79,10,85,19,6,9,0,1
C_8,../../01.Datasets/processed/images_train/fechas/C_8.jpg,86,10,94,18,8,8,2,3
C_8,../../01.Datasets/processed/images_train/fechas/C_8.jpg,92,10,100,18,8,8,1,2
C_80,../../01.Datasets/processed/images_train/fechas/C_80.jpg,39,9,106,19,67,10,date,12
C_80,../../01.Datasets/processed/images_train/fechas/C_80.jpg,38,9,46,20,8,11,1,2
C_80,../../01.Datasets/processed/images_train/fechas/C_80.jpg,47,9,53,19,6,10,0,1
C_80,../../01.Datasets/processed/images_train/fechas/C_80.jpg,53,12,59,16,6,4,-,11
C_80,../../01.Datasets/processed/images_train/fechas/C_80.jpg,58,9,66,19,8,10,0,1
C_80,../../01.Datasets/processed/images_train/fechas/C_80.jpg,67,9,72,19,5,10,1,2
C_80,../../01.Datasets/processed/images_train/fechas/C_80.jpg,71,13,77,15,6,2,-,11
C_80,../../01.Datasets/processed/images_train/fechas/C_80.jpg,79,9,86,20,7,11,2,3
C_80,../../01.Datasets/processed/images_train/fechas/C_80.jpg,87,9,93,19,6,10,0,1
C_80,../../01.Datasets/processed/images_train/fechas/C_80.jpg,93,9,99,19,6,10,2,3
C_80,../../01.Datasets/processed/images_train/fechas/C_80.jpg,99,9,105,20,6,11,1,2
C_81,../../01.Datasets/processed/images_train/fechas/C_81.jpg,31,9,104,19,73,10,date,12
C_81,../../01.Datasets/processed/images_train/fechas/C_81.jpg,31,10,42,19,11,9,2,3
C_81,../../01.Datasets/processed/images_train/fechas/C_81.jpg,41,9,49,19,8,10,-,11
C_81,../../01.Datasets/processed/images_train/fechas/C_81.jpg,49,9,58,20,9,11,1,2
C_81,../../01.Datasets/processed/images_train/fechas/C_81.jpg,58,9,66,19,8,10,5,6
C_81,../../01.Datasets/processed/images_train/fechas/C_81.jpg,66,9,74,19,8,10,-,11
C_81,../../01.Datasets/processed/images_train/fechas/C_81.jpg,74,9,82,20,8,11,2,3
C_81,../../01.Datasets/processed/images_train/fechas/C_81.jpg,81,9,89,20,8,11,0,1
C_81,../../01.Datasets/processed/images_train/fechas/C_81.jpg,90,9,97,19,7,10,2,3
C_81,../../01.Datasets/processed/images_train/fechas/C_81.jpg,98,9,104,20,6,11,1,2
C_83,../../01.Datasets/processed/images_train/fechas/C_83.jpg,35,9,118,20,83,11,date,12
C_83,../../01.Datasets/processed/images_train/fechas/C_83.jpg,35,9,44,20,9,11,1,2
C_83,../../01.Datasets/processed/images_train/fechas/C_83.jpg,43,10,52,21,9,11,3,4
C_83,../../01.Datasets/processed/images_train/fechas/C_83.jpg,53,12,59,16,6,4,-,11
C_83,../../01.Datasets/processed/images_train/fechas/C_83.jpg,61,9,69,20,8,11,0,1
C_83,../../01.Datasets/processed/images_train/fechas/C_83.jpg,69,9,78,20,9,11,3,4
C_83,../../01.Datasets/processed/images_train/fechas/C_83.jpg,78,12,86,17,8,5,-,11
C_83,../../01.Datasets/processed/images_train/fechas/C_83.jpg,86,9,95,21,9,12,2,3
C_83,../../01.Datasets/processed/images_train/fechas/C_83.jpg,95,10,103,20,8,10,0,1
C_83,../../01.Datasets/processed/images_train/fechas/C_83.jpg,103,9,111,21,8,12,2,3
C_83,../../01.Datasets/processed/images_train/fechas/C_83.jpg,112,9,119,20,7,11,1,2
C_84,../../01.Datasets/processed/images_train/fechas/C_84.jpg,34,5,117,14,83,9,date,12
C_84,../../01.Datasets/processed/images_train/fechas/C_84.jpg,35,5,45,16,10,11,0,1
C_84,../../01.Datasets/processed/images_train/fechas/C_84.jpg,46,5,55,15,9,10,5,6
C_84,../../01.Datasets/processed/images_train/fechas/C_84.jpg,53,7,61,13,8,6,-,11
C_84,../../01.Datasets/processed/images_train/fechas/C_84.jpg,60,5,69,15,9,10,0,1
C_84,../../01.Datasets/processed/images_train/fechas/C_84.jpg,69,5,77,15,8,10,4,5
C_84,../../01.Datasets/processed/images_train/fechas/C_84.jpg,78,6,87,11,9,5,-,11
C_84,../../01.Datasets/processed/images_train/fechas/C_84.jpg,86,5,95,15,9,10,2,3
C_84,../../01.Datasets/processed/images_train/fechas/C_84.jpg,96,5,102,15,6,10,0,1
C_84,../../01.Datasets/processed/images_train/fechas/C_84.jpg,103,5,110,15,7,10,2,3
C_84,../../01.Datasets/processed/images_train/fechas/C_84.jpg,110,5,116,14,6,9,1,2
C_85,../../01.Datasets/processed/images_train/fechas/C_85.jpg,38,9,109,21,71,12,date,12
C_85,../../01.Datasets/processed/images_train/fechas/C_85.jpg,40,10,49,21,9,11,1,2
C_85,../../01.Datasets/processed/images_train/fechas/C_85.jpg,48,9,54,21,6,12,1,2
C_85,../../01.Datasets/processed/images_train/fechas/C_85.jpg,53,12,60,16,7,4,-,11
C_85,../../01.Datasets/processed/images_train/fechas/C_85.jpg,59,10,66,20,7,10,0,1
C_85,../../01.Datasets/processed/images_train/fechas/C_85.jpg,67,9,73,20,6,11,4,5
C_85,../../01.Datasets/processed/images_train/fechas/C_85.jpg,74,12,82,17,8,5,-,11
C_85,../../01.Datasets/processed/images_train/fechas/C_85.jpg,81,10,87,20,6,10,2,3
C_85,../../01.Datasets/processed/images_train/fechas/C_85.jpg,86,9,94,21,8,12,0,1
C_85,../../01.Datasets/processed/images_train/fechas/C_85.jpg,95,9,102,20,7,11,2,3
C_85,../../01.Datasets/processed/images_train/fechas/C_85.jpg,102,9,108,21,6,12,1,2
C_86,../../01.Datasets/processed/images_train/fechas/C_86.jpg,38,8,120,20,82,12,date,12
C_86,../../01.Datasets/processed/images_train/fechas/C_86.jpg,38,8,47,20,9,12,1,2
C_86,../../01.Datasets/processed/images_train/fechas/C_86.jpg,49,9,56,19,7,10,4,5
C_86,../../01.Datasets/processed/images_train/fechas/C_86.jpg,56,10,62,15,6,5,-,11
C_86,../../01.Datasets/processed/images_train/fechas/C_86.jpg,63,8,72,20,9,12,0,1
C_86,../../01.Datasets/processed/images_train/fechas/C_86.jpg,71,8,82,19,11,11,6,7
C_86,../../01.Datasets/processed/images_train/fechas/C_86.jpg,82,10,91,15,9,5,-,11
C_86,../../01.Datasets/processed/images_train/fechas/C_86.jpg,89,8,97,19,8,11,2,3
C_86,../../01.Datasets/processed/images_train/fechas/C_86.jpg,97,8,106,19,9,11,0,1
C_86,../../01.Datasets/processed/images_train/fechas/C_86.jpg,106,8,113,19,7,11,2,3
C_86,../../01.Datasets/processed/images_train/fechas/C_86.jpg,112,9,120,19,8,10,1,2
C_87,../../01.Datasets/processed/images_train/fechas/C_87.jpg,32,8,103,19,71,11,date,12
C_87,../../01.Datasets/processed/images_train/fechas/C_87.jpg,32,8,40,19,8,11,1,2
C_87,../../01.Datasets/processed/images_train/fechas/C_87.jpg,40,8,48,19,8,11,3,4
C_87,../../01.Datasets/processed/images_train/fechas/C_87.jpg,49,11,56,16,7,5,-,11
C_87,../../01.Datasets/processed/images_train/fechas/C_87.jpg,55,8,62,19,7,11,0,1
C_87,../../01.Datasets/processed/images_train/fechas/C_87.jpg,62,8,68,18,6,10,2,3
C_87,../../01.Datasets/processed/images_train/fechas/C_87.jpg,69,11,76,15,7,4,-,11
C_87,../../01.Datasets/processed/images_train/fechas/C_87.jpg,76,8,82,19,6,11,2,3
C_87,../../01.Datasets/processed/images_train/fechas/C_87.jpg,83,8,91,19,8,11,0,1
C_87,../../01.Datasets/processed/images_train/fechas/C_87.jpg,90,8,97,19,7,11,2,3
C_87,../../01.Datasets/processed/images_train/fechas/C_87.jpg,96,8,103,20,7,12,1,2
C_90,../../01.Datasets/processed/images_train/fechas/C_90.jpg,33,7,109,21,76,14,date,12
C_90,../../01.Datasets/processed/images_train/fechas/C_90.jpg,34,8,43,20,9,12,2,3
C_90,../../01.Datasets/processed/images_train/fechas/C_90.jpg,43,9,52,20,9,11,7,8
C_90,../../01.Datasets/processed/images_train/fechas/C_90.jpg,50,11,58,16,8,5,-,11
C_90,../../01.Datasets/processed/images_train/fechas/C_90.jpg,58,7,66,21,8,14,0,1
C_90,../../01.Datasets/processed/images_train/fechas/C_90.jpg,65,7,71,22,6,15,3,4
C_90,../../01.Datasets/processed/images_train/fechas/C_90.jpg,74,12,82,17,8,5,-,11
C_90,../../01.Datasets/processed/images_train/fechas/C_90.jpg,82,9,88,21,6,12,2,3
C_90,../../01.Datasets/processed/images_train/fechas/C_90.jpg,89,9,97,20,8,11,0,1
C_90,../../01.Datasets/processed/images_train/fechas/C_90.jpg,96,9,102,20,6,11,2,3
C_90,../../01.Datasets/processed/images_train/fechas/C_90.jpg,102,9,108,20,6,11,1,2
C_91,../../01.Datasets/processed/images_train/fechas/C_91.jpg,45,6,118,17,73,11,date,12
C_91,../../01.Datasets/processed/images_train/fechas/C_91.jpg,44,6,53,17,9,11,0,1
C_91,../../01.Datasets/processed/images_train/fechas/C_91.jpg,53,6,61,17,8,11,2,3
C_91,../../01.Datasets/processed/images_train/fechas/C_91.jpg,62,7,68,13,6,6,-,11
C_91,../../01.Datasets/processed/images_train/fechas/C_91.jpg,69,7,76,16,7,9,0,1
C_91,../../01.Datasets/processed/images_train/fechas/C_91.jpg,76,7,82,18,6,11,2,3
C_91,../../01.Datasets/processed/images_train/fechas/C_91.jpg,84,7,90,13,6,6,-,11
C_91,../../01.Datasets/processed/images_train/fechas/C_91.jpg,90,6,96,17,6,11,2,3
C_91,../../01.Datasets/processed/images_train/fechas/C_91.jpg,96,7,103,18,7,11,0,1
C_91,../../01.Datasets/processed/images_train/fechas/C_91.jpg,103,6,111,17,8,11,2,3
C_91,../../01.Datasets/processed/images_train/fechas/C_91.jpg,112,6,118,17,6,11,1,2
C_92,../../01.Datasets/processed/images_train/fechas/C_92.jpg,41,6,112,17,71,11,date,12
C_92,../../01.Datasets/processed/images_train/fechas/C_92.jpg,40,6,51,17,11,11,2,3
C_92,../../01.Datasets/processed/images_train/fechas/C_92.jpg,50,7,58,18,8,11,5,6
C_92,../../01.Datasets/processed/images_train/fechas/C_92.jpg,58,9,65,14,7,5,-,11
C_92,../../01.Datasets/processed/images_train/fechas/C_92.jpg,63,7,72,16,9,9,0,1
C_92,../../01.Datasets/processed/images_train/fechas/C_92.jpg,72,6,79,17,7,11,4,5
C_92,../../01.Datasets/processed/images_train/fechas/C_92.jpg,77,10,86,13,9,3,-,11
C_92,../../01.Datasets/processed/images_train/fechas/C_92.jpg,87,6,93,17,6,11,2,3
C_92,../../01.Datasets/processed/images_train/fechas/C_92.jpg,93,6,100,17,7,11,0,1
C_92,../../01.Datasets/processed/images_train/fechas/C_92.jpg,101,6,107,16,6,10,2,3
C_92,../../01.Datasets/processed/images_train/fechas/C_92.jpg,107,6,113,17,6,11,1,2
C_94,../../01.Datasets/processed/images_train/fechas/C_94.jpg,36,8,115,18,79,10,date,12
C_94,../../01.Datasets/processed/images_train/fechas/C_94.jpg,35,8,45,19,10,11,2,3
C_94,../../01.Datasets/processed/images_train/fechas/C_94.jpg,45,8,52,19,7,11,7,8
C_94,../../01.Datasets/processed/images_train/fechas/C_94.jpg,53,10,59,13,6,3,-,11
C_94,../../01.Datasets/processed/images_train/fechas/C_94.jpg,60,8,68,19,8,11,0,1
C_94,../../01.Datasets/processed/images_train/fechas/C_94.jpg,69,8,76,19,7,11,2,3
C_94,../../01.Datasets/processed/images_train/fechas/C_94.jpg,75,11,83,16,8,5,-,11
C_94,../../01.Datasets/processed/images_train/fechas/C_94.jpg,85,9,94,19,9,10,2,3
C_94,../../01.Datasets/processed/images_train/fechas/C_94.jpg,93,9,100,19,7,10,0,1
C_94,../../01.Datasets/processed/images_train/fechas/C_94.jpg,101,8,107,19,6,11,2,3
C_94,../../01.Datasets/processed/images_train/fechas/C_94.jpg,107,8,114,18,7,10,1,2
C_95,../../01.Datasets/processed/images_train/fechas/C_95.jpg,42,2,123,14,81,12,date,12
C_95,../../01.Datasets/processed/images_train/fechas/C_95.jpg,44,2,53,14,9,12,2,3
C_95,../../01.Datasets/processed/images_train/fechas/C_95.jpg,53,2,60,12,7,10,2,3
C_95,../../01.Datasets/processed/images_train/fechas/C_95.jpg,62,6,68,10,6,4,-,11
C_95,../../01.Datasets/processed/images_train/fechas/C_95.jpg,68,2,77,14,9,12,0,1
C_95,../../01.Datasets/processed/images_train/fechas/C_95.jpg,76,3,83,13,7,10,6,7
C_95,../../01.Datasets/processed/images_train/fechas/C_95.jpg,86,6,94,10,8,4,-,11
C_95,../../01.Datasets/processed/images_train/fechas/C_95.jpg,94,3,103,14,9,11,2,3
C_95,../../01.Datasets/processed/images_train/fechas/C_95.jpg,103,3,110,14,7,11,0,1
C_95,../../01.Datasets/processed/images_train/fechas/C_95.jpg,110,3,116,14,6,11,2,3
C_95,../../01.Datasets/processed/images_train/fechas/C_95.jpg,116,3,122,14,6,11,1,2
C_97,../../01.Datasets/processed/images_train/fechas/C_97.jpg,42,6,116,17,74,11,date,12
C_97,../../01.Datasets/processed/images_train/fechas/C_97.jpg,43,6,51,17,8,11,1,2
C_97,../../01.Datasets/processed/images_train/fechas/C_97.jpg,51,7,56,18,5,11,1,2
C_97,../../01.Datasets/processed/images_train/fechas/C_97.jpg,56,9,63,13,7,4,-,11
C_97,../../01.Datasets/processed/images_train/fechas/C_97.jpg,63,6,72,17,9,11,0,1
C_97,../../01.Datasets/processed/images_train/fechas/C_97.jpg,72,6,80,16,8,10,2,3
C_97,../../01.Datasets/processed/images_train/fechas/C_97.jpg,80,9,88,14,8,5,-,11
C_97,../../01.Datasets/processed/images_train/fechas/C_97.jpg,87,6,94,18,7,12,2,3
C_97,../../01.Datasets/processed/images_train/fechas/C_97.jpg,94,6,103,17,9,11,0,1
C_97,../../01.Datasets/processed/images_train/fechas/C_97.jpg,102,7,108,16,6,9,2,3
C_97,../../01.Datasets/processed/images_train/fechas/C_97.jpg,109,6,116,17,7,11,1,2
C_98,../../01.Datasets/processed/images_train/fechas/C_98.jpg,43,6,126,18,83,12,date,12
C_98,../../01.Datasets/processed/images_train/fechas/C_98.jpg,43,6,52,16,9,10,0,1
C_98,../../01.Datasets/processed/images_train/fechas/C_98.jpg,52,6,60,17,8,11,6,7
C_98,../../01.Datasets/processed/images_train/fechas/C_98.jpg,59,6,69,17,10,11,-,11
C_98,../../01.Datasets/processed/images_train/fechas/C_98.jpg,69,6,77,17,8,11,0,1
C_98,../../01.Datasets/processed/images_train/fechas/C_98.jpg,76,7,87,18,11,11,6,7
C_98,../../01.Datasets/processed/images_train/fechas/C_98.jpg,86,6,94,17,8,11,-,11
C_98,../../01.Datasets/processed/images_train/fechas/C_98.jpg,94,6,102,17,8,11,2,3
C_98,../../01.Datasets/processed/images_train/fechas/C_98.jpg,102,6,108,17,6,11,0,1
C_98,../../01.Datasets/processed/images_train/fechas/C_98.jpg,109,7,117,18,8,11,2,3
C_98,../../01.Datasets/processed/images_train/fechas/C_98.jpg,117,6,124,18,7,12,1,2
C_174,../../01.Datasets/processed/images_train/fechas/C_174.jpg,25,8,36,18,11,10,2,3
C_174,../../01.Datasets/processed/images_train/fechas/C_174.jpg,37,9,46,19,9,10,3,4
C_174,../../01.Datasets/processed/images_train/fechas/C_174.jpg,47,13,53,15,6,2,-,11
C_174,../../01.Datasets/processed/images_train/fechas/C_174.jpg,58,9,66,17,8,8,0,1
C_174,../../01.Datasets/processed/images_train/fechas/C_174.jpg,68,9,74,19,6,10,7,8
C_174,../../01.Datasets/processed/images_train/fechas/C_174.jpg,80,10,88,13,8,3,-,11
C_174,../../01.Datasets/processed/images_train/fechas/C_174.jpg,89,8,97,17,8,9,2,3
C_174,../../01.Datasets/processed/images_train/fechas/C_174.jpg,95,10,103,17,8,7,0,1
C_174,../../01.Datasets/processed/images_train/fechas/C_174.jpg,103,8,112,17,9,9,2,3
C_174,../../01.Datasets/processed/images_train/fechas/C_174.jpg,116,8,121,17,5,9,1,2
C_174,../../01.Datasets/processed/images_train/fechas/C_174.jpg,25,8,121,20,96,12,date,12
C_175,../../01.Datasets/processed/images_train/fechas/C_175.jpg,34,9,44,17,10,8,2,3
C_175,../../01.Datasets/processed/images_train/fechas/C_175.jpg,46,10,56,18,10,8,4,5
C_175,../../01.Datasets/processed/images_train/fechas/C_175.jpg,60,13,69,18,9,5,-,11
C_175,../../01.Datasets/processed/images_train/fechas/C_175.jpg,70,10,81,19,11,9,0,1
C_175,../../01.Datasets/processed/images_train/fechas/C_175.jpg,80,10,89,19,9,9,7,8
C_175,../../01.Datasets/processed/images_train/fechas/C_175.jpg,96,10,107,16,11,6,-,11
C_175,../../01.Datasets/processed/images_train/fechas/C_175.jpg,109,8,117,18,8,10,2,3
C_175,../../01.Datasets/processed/images_train/fechas/C_175.jpg,119,10,128,17,9,7,0,1
C_175,../../01.Datasets/processed/images_train/fechas/C_175.jpg,130,8,141,18,11,10,2,3
C_175,../../01.Datasets/processed/images_train/fechas/C_175.jpg,143,8,149,17,6,9,1,2
C_175,../../01.Datasets/processed/images_train/fechas/C_175.jpg,33,7,149,20,116,13,date,12
C_176,../../01.Datasets/processed/images_train/fechas/C_176.jpg,34,10,39,18,5,8,2,3
C_176,../../01.Datasets/processed/images_train/fechas/C_176.jpg,41,9,49,17,8,8,2,3
C_176,../../01.Datasets/processed/images_train/fechas/C_176.jpg,53,11,60,15,7,4,-,11
C_176,../../01.Datasets/processed/images_train/fechas/C_176.jpg,62,10,73,19,11,9,0,1
C_176,../../01.Datasets/processed/images_train/fechas/C_176.jpg,73,10,79,18,6,8,7,8
C_176,../../01.Datasets/processed/images_train/fechas/C_176.jpg,84,11,90,15,6,4,-,11
C_176,../../01.Datasets/processed/images_train/fechas/C_176.jpg,92,8,100,17,8,9,2,3
C_176,../../01.Datasets/processed/images_train/fechas/C_176.jpg,100,9,110,17,10,8,0,1
C_176,../../01.Datasets/processed/images_train/fechas/C_176.jpg,111,10,119,17,8,7,2,3
C_176,../../01.Datasets/processed/images_train/fechas/C_176.jpg,124,7,130,16,6,9,1,2
C_176,../../01.Datasets/processed/images_train/fechas/C_176.jpg,32,7,131,20,99,13,date,12
C_177,../../01.Datasets/processed/images_train/fechas/C_177.jpg,35,10,43,18,8,8,1,2
C_177,../../01.Datasets/processed/images_train/fechas/C_177.jpg,41,10,50,18,9,8,9,10
C_177,../../01.Datasets/processed/images_train/fechas/C_177.jpg,52,14,59,17,7,3,-,11
C_177,../../01.Datasets/processed/images_train/fechas/C_177.jpg,66,12,75,20,9,8,0,1
C_177,../../01.Datasets/processed/images_train/fechas/C_177.jpg,77,9,86,19,9,10,7,8
C_177,../../01.Datasets/processed/images_train/fechas/C_177.jpg,95,12,102,16,7,4,-,11
C_177,../../01.Datasets/processed/images_train/fechas/C_177.jpg,103,9,110,18,7,9,2,3
C_177,../../01.Datasets/processed/images_train/fechas/C_177.jpg,109,9,117,18,8,9,0,1
C_177,../../01.Datasets/processed/images_train/fechas/C_177.jpg,118,8,124,18,6,10,2,3
C_177,../../01.Datasets/processed/images_train/fechas/C_177.jpg,130,8,136,17,6,9,1,2
C_177,../../01.Datasets/processed/images_train/fechas/C_177.jpg,33,7,137,21,104,14,date,12
C_179,../../01.Datasets/processed/images_train/fechas/C_179.jpg,48,10,54,18,6,8,1,2
C_179,../../01.Datasets/processed/images_train/fechas/C_179.jpg,56,10,62,19,6,9,7,8
C_179,../../01.Datasets/processed/images_train/fechas/C_179.jpg,64,12,70,16,6,4,-,11
C_179,../../01.Datasets/processed/images_train/fechas/C_179.jpg,72,11,80,17,8,6,0,1
C_179,../../01.Datasets/processed/images_train/fechas/C_179.jpg,81,10,87,18,6,8,5,6
C_179,../../01.Datasets/processed/images_train/fechas/C_179.jpg,89,13,96,15,7,2,-,11
C_179,../../01.Datasets/processed/images_train/fechas/C_179.jpg,96,10,102,19,6,9,2,3
C_179,../../01.Datasets/processed/images_train/fechas/C_179.jpg,103,10,111,19,8,9,0,1
C_179,../../01.Datasets/processed/images_train/fechas/C_179.jpg,111,12,120,19,9,7,2,3
C_179,../../01.Datasets/processed/images_train/fechas/C_179.jpg,121,12,127,19,6,7,1,2
C_179,../../01.Datasets/processed/images_train/fechas/C_179.jpg,47,10,128,20,81,10,date,12
C_18,../../01.Datasets/processed/images_train/fechas/C_18.jpg,43,9,108,20,65,11,date,12
C_18,../../01.Datasets/processed/images_train/fechas/C_18.jpg,43,10,52,20,9,10,1,2
C_18,../../01.Datasets/processed/images_train/fechas/C_18.jpg,52,9,60,20,8,11,6,7
C_18,../../01.Datasets/processed/images_train/fechas/C_18.jpg,59,9,66,20,7,11,-,11
C_18,../../01.Datasets/processed/images_train/fechas/C_18.jpg,66,9,75,20,9,11,0,1
C_18,../../01.Datasets/processed/images_train/fechas/C_18.jpg,75,9,83,20,8,11,7,8
C_18,../../01.Datasets/processed/images_train/fechas/C_18.jpg,83,9,92,20,9,11,-,11
C_18,../../01.Datasets/processed/images_train/fechas/C_18.jpg,92,9,99,21,7,12,2,3
C_18,../../01.Datasets/processed/images_train/fechas/C_18.jpg,98,9,106,21,8,12,1,2
